-1,-1,-1,-1
102.00,0.00,0,0
101.98,0.00,0,0
101.96,0.00,0,0
101.95,0.00,0,0
101.94,0.00,0,0
101.93,0.00,0,0
101.92,0.00,0,0
101.91,0.00,0,0
101.90,0.00,0,0
101.89,0.00,0,0
101.88,0.00,0,0
101.87,0.00,0,0
101.86,0.00,0,0
101.86,0.00,0,0
101.85,0.00,0,0
101.84,0.00,0,0
101.84,0.00,0,0
101.83,0.00,0,0
101.82,0.00,0,0
101.82,0.00,0,0
101.82,0.00,0,0
101.82,0.00,0,0
101.82,0.00,0,0
101.82,0.00,0,0
101.83,0.00,0,0
101.84,0.00,0,0
101.86,0.00,0,0
101.86,0.00,0,0
101.86,0.00,21126,0
101.88,0.00,19880,0
101.88,0.00,25064,0
101.91,0.00,25584,0
101.91,0.00,19540,0
101.91,0.00,21496,0
101.91,0.00,24152,0
101.92,0.00,24438,0
101.92,0.00,22216,0
101.92,0.00,20196,0
101.92,0.00,17570,0
101.95,0.00,11904,0
101.95,0.00,10821,0
101.95,0.00,9837,0
101.95,0.00,10499,0
101.97,0.00,9544,0
101.97,0.00,8676,0
101.97,0.00,7887,0
101.97,0.00,7169,0
101.99,0.00,10131,0
101.99,0.00,10252,0
101.99,0.00,9320,0
101.99,0.00,8472,0
102.01,0.00,7701,0
102.01,0.00,7000,0
102.01,0.00,6363,0
102.02,0.00,5784,0
102.02,0.00,5258,0
102.02,0.00,4780,0
102.02,0.00,4345,0
102.04,0.00,3949,0
102.04,0.00,3589,0
102.04,0.00,3262,0
102.04,0.00,2965,0
102.06,0.00,2695,0
102.06,0.00,2450,0
102.06,0.00,2450,0
102.06,0.00,2227,0
102.07,0.00,2024,0
102.07,0.00,2024,0
102.07,0.00,1839,0
102.07,0.00,1839,0
102.08,0.00,1671,0
102.08,0.00,1519,0
102.08,0.00,1380,0
102.08,0.00,1380,0
102.09,0.00,1254,0
102.09,0.00,1254,0
102.09,0.00,1140,0
102.09,0.00,1036,0
102.10,0.00,1036,0
102.10,0.00,941,0
102.11,0.00,855,0
102.11,0.00,777,0
102.11,0.00,706,0
102.11,0.00,641,0
102.12,0.00,641,0
102.12,0.00,582,0
102.12,0.00,529,0
102.12,0.00,529,0
102.13,0.00,480,0
102.13,0.00,436,0
102.13,0.00,436,0
102.13,0.00,396,0
102.13,0.00,359,0
102.13,0.00,359,0
102.13,0.00,326,0
102.13,0.00,296,0
102.15,0.00,296,0
102.15,0.00,269,0
102.15,0.00,244,0
102.15,0.00,244,0
102.15,0.00,221,0
102.15,0.00,200,0
102.15,0.00,200,0
102.15,0.00,181,0
102.15,0.00,164,0
102.15,0.00,164,0
102.15,0.00,149,0
102.16,0.00,135,0
102.16,0.00,122,0
102.16,0.00,110,0
102.16,0.00,99,0
102.16,0.00,99,0
102.16,0.00,89,0
102.16,0.00,80,0
102.16,0.00,80,0
102.16,0.00,72,0
102.16,0.00,72,0
102.16,0.00,65,0
102.16,0.00,59,0
102.16,0.00,59,0
102.16,0.00,53,0
102.16,0.00,48,0
102.16,0.00,48,0
102.16,0.00,43,0
102.16,0.00,39,0
102.16,0.00,39,0
102.16,0.00,35,0
102.16,0.00,31,0
102.16,0.00,31,0
102.16,0.00,28,0
102.16,0.00,28,0
102.16,0.00,25,0
102.16,0.00,22,0
102.16,0.00,20,0
102.16,0.00,20,0
102.17,0.00,18,0
102.17,0.00,16,0
102.17,0.00,14,0
102.17,0.00,12,0
102.17,0.00,10,0
102.17,0.00,10,0
102.17,0.00,9,0
102.17,0.00,8,0
102.17,0.00,8,0
102.17,0.00,7,0
102.17,0.00,7,0
102.17,0.00,6,0
102.17,0.00,5,0
102.17,0.00,5,0
102.17,0.00,4,0
102.17,0.00,3,0
102.17,0.00,3,0
102.17,0.00,2,0
102.17,0.00,1,0
102.17,0.00,1,0
102.17,0.00,0,0
102.17,0.00,0,0
102.17,0.00,0,0
102.17,0.00,0,0
102.17,0.00,0,0
102.17,0.00,0,0
102.17,0.00,0,0
102.16,0.00,0,0
102.16,0.00,0,0
102.16,0.00,0,0
102.16,0.00,0,0
102.16,0.00,0,0
102.16,0.00,0,0
102.16,0.00,0,0
102.16,0.00,0,0
102.16,0.00,0,0
102.16,0.00,0,0
102.15,0.00,0,0
102.15,0.00,0,0
102.15,0.00,0,0
102.15,0.00,0,0
102.15,0.00,0,0
102.15,0.00,0,0
102.15,0.00,0,0
102.15,0.00,0,0
102.15,0.00,0,0
102.15,0.00,0,0
102.15,0.00,0,0
102.15,0.00,0,0
102.14,0.00,0,0
102.14,0.00,0,0
102.14,0.00,0,0
102.14,0.00,0,0
102.14,0.00,0,0
102.14,0.00,0,0
102.14,0.00,0,0
102.14,0.00,0,0
102.13,0.00,0,0
102.13,0.00,0,0
102.13,0.00,0,0
102.13,0.00,0,0
102.13,0.00,0,0
102.13,0.00,0,0
102.13,0.00,0,0
102.12,0.00,0,0
102.12,0.00,0,0
102.12,0.00,0,0
102.12,0.00,0,0
102.11,0.00,0,0
102.11,0.00,0,0
102.11,0.00,0,0
102.11,0.00,0,0
102.10,0.00,0,0
102.10,0.00,0,0
102.10,0.00,0,0
102.10,0.00,0,0
102.09,0.00,0,0
102.09,0.00,0,0
102.09,0.00,0,0
102.09,0.00,0,0
102.08,0.00,0,0
102.08,0.00,0,0
102.08,0.00,0,0
102.08,0.00,0,0
102.06,0.00,0,0
102.06,0.00,0,0
102.06,0.00,0,0
102.06,0.00,0,0
102.05,0.00,0,0
102.05,0.00,0,0
102.03,0.00,0,0
102.02,0.00,0,0
102.02,0.00,0,0
102.00,0.00,0,0
102.00,0.00,0,0
102.00,0.00,0,0
102.00,0.00,0,0
102.00,0.00,0,0
102.00,0.00,0,0
102.00,0.00,0,0
102.00,0.00,0,0
101.97,0.00,0,0
101.97,0.00,0,0
101.97,0.00,0,0
101.97,0.00,0,0
101.96,0.00,0,0
101.96,0.00,0,0
101.96,0.00,0,0
101.96,0.00,0,0
101.95,0.00,0,0
101.95,0.00,0,0
101.95,0.00,0,0
101.95,0.00,0,0
101.94,0.00,0,0
101.94,0.00,0,0
101.94,0.00,0,0
101.94,0.00,0,0
101.93,0.00,0,0
101.93,0.00,0,0
101.93,0.00,0,0
101.91,0.00,0,0
101.91,0.00,0,0
101.91,0.00,0,0
101.91,0.00,0,0
101.90,0.00,0,0
101.90,0.00,0,0
101.90,0.00,0,0
101.90,0.00,0,0
101.89,0.00,0,0
101.89,0.00,0,0
101.89,0.00,0,0
101.89,0.00,0,0
101.88,0.00,0,0
101.88,0.00,0,0
101.88,0.00,0,0
101.88,0.00,0,0
101.87,0.00,0,0
101.87,0.00,0,0
101.87,0.00,0,0
101.87,0.00,0,0
101.85,0.00,0,0
101.85,0.00,0,0
101.85,0.00,0,0
101.85,0.00,0,0
101.84,0.00,0,0
101.84,0.00,0,0
101.84,0.00,0,0
101.84,0.00,0,0
101.83,0.00,0,0
101.83,0.00,0,0
101.83,0.00,0,0
101.82,0.00,0,0
101.82,0.00,0,0
101.82,0.00,0,0
101.82,0.00,0,0
101.81,0.00,0,0
101.81,0.00,0,0
101.81,0.00,0,0
101.81,0.00,0,0
101.80,0.00,0,0
101.80,0.00,0,0
101.80,0.00,0,0
101.80,0.00,0,0
101.79,0.00,0,0
101.79,0.00,0,0
101.79,0.00,0,0
101.79,0.00,0,0
101.77,0.00,0,0
101.77,0.00,0,0
101.77,0.00,0,0
101.77,0.00,0,0
101.77,0.00,0,0
101.77,0.00,0,0
101.77,0.00,0,0
101.77,0.00,0,0
101.75,0.00,0,0
101.75,0.00,0,0
101.75,0.00,0,0
101.75,0.00,0,0
101.74,0.00,0,0
101.74,0.00,0,0
101.74,0.00,0,0
101.74,0.00,0,0
101.74,0.00,0,0
101.74,0.00,0,0
101.74,0.00,0,0
101.73,0.00,0,0
101.73,0.00,0,0
101.73,0.00,0,0
101.73,0.00,0,0
101.72,0.00,0,0
101.72,0.00,0,0
101.72,0.00,0,0
101.72,0.00,0,0
101.72,0.00,0,0
101.72,0.00,0,0
101.72,0.00,0,0
101.72,0.00,0,0
101.71,0.00,0,0
101.71,0.00,0,0
101.71,0.00,0,0
101.71,0.00,0,0
101.71,0.00,0,0
101.71,0.00,0,0
101.71,0.00,0,0
101.71,0.00,0,0
101.70,0.00,0,0
101.70,0.00,0,0
101.70,0.00,0,0
101.70,0.00,0,0
101.70,0.00,0,0
101.70,0.00,0,0
101.70,0.00,0,0
101.70,0.00,0,0
101.70,0.00,0,0
101.70,0.00,0,0
101.70,0.00,0,0
101.70,0.00,0,0
101.70,0.00,0,0
101.70,0.00,0,0
101.70,0.00,0,0
101.71,0.00,0,0
101.71,0.00,0,0
101.71,0.00,10707,0
101.71,0.00,10707,0
101.72,0.00,20614,0
101.72,0.00,27102,0
101.72,0.00,27102,0
101.72,0.00,24084,0
101.75,0.00,30572,0
101.75,0.00,30572,0
101.75,0.00,24286,0
101.75,0.00,28516,0
101.80,0.00,28516,0
101.80,0.00,26520,0
101.80,0.00,26520,0
101.80,0.00,28428,0
101.88,0.00,28232,0
101.88,0.00,25824,0
101.88,0.00,28194,0
101.95,0.00,24478,0
101.95,0.00,24478,0
101.95,0.00,26774,0
101.95,0.00,24192,0
102.01,0.00,24192,0
102.01,0.00,23610,0
102.01,0.00,23610,0
102.01,0.00,20112,0
102.08,0.00,26238,0
102.08,0.00,26238,0
102.08,0.00,24336,0
102.08,0.00,24058,0
102.14,0.00,24058,0
102.14,0.00,23370,0
102.14,0.00,20604,0
102.14,0.00,20604,0
102.19,0.00,23180,0
102.19,0.00,17068,0
102.19,0.00,17068,0
102.19,0.00,18832,0
102.23,0.00,19506,0
102.23,0.00,19506,0
102.23,0.00,18888,0
102.27,0.00,15216,0
102.27,0.00,16824,0
102.27,0.00,15088,0
102.27,0.00,15088,0
102.31,0.00,14204,0
102.31,0.00,14364,0
102.31,0.00,14364,0
102.31,0.00,13097,0
102.33,0.00,12392,0
102.33,0.00,12392,0
102.33,0.00,12047,0
102.33,0.00,12047,0
102.36,0.00,11159,0
102.36,0.00,10044,0
102.36,0.00,10044,0
102.36,0.00,10175,0
102.37,0.00,9250,0
102.37,0.00,9250,0
102.37,0.00,8409,0
102.37,0.00,7644,0
102.39,0.00,7644,0
102.39,0.00,6949,0
102.39,0.00,6317,0
102.39,0.00,6317,0
102.40,0.00,5742,0
102.40,0.00,5220,0
102.40,0.00,4745,0
102.42,0.00,4313,0
102.42,0.00,3920,0
102.42,0.00,3920,0
102.42,0.00,3563,0
102.43,0.00,3563,0
102.43,0.00,3239,0
102.43,0.00,2944,0
102.43,0.00,2944,0
102.44,0.00,2676,0
102.44,0.00,2432,0
102.44,0.00,2432,0
102.44,0.00,2210,0
102.45,0.00,2009,0
102.45,0.00,2009,0
102.45,0.00,1826,0
102.45,0.00,1659,0
102.45,0.00,1659,0
102.45,0.00,1508,0
102.45,0.00,1370,0
102.45,0.00,1370,0
102.46,0.00,1245,0
102.46,0.00,1131,0
102.46,0.00,1028,0
102.45,0.00,934,0
102.45,0.00,849,0
102.45,0.00,771,0
102.45,0.00,700,0
102.45,0.00,636,0
102.45,0.00,578,0
102.45,0.00,525,0
102.43,0.00,477,0
102.43,0.00,433,0
102.43,0.00,393,0
102.43,0.00,393,0
102.42,0.00,357,0
102.42,0.00,324,0
102.42,0.00,324,0
102.42,0.00,294,0
102.40,0.00,267,0
102.40,0.00,267,0
102.40,0.00,242,0
102.40,0.00,219,0
102.39,0.00,219,0
102.39,0.00,199,0
102.39,0.00,180,0
102.39,0.00,180,0
102.37,0.00,163,0
102.37,0.00,148,0
102.37,0.00,148,0
102.35,0.00,134,0
102.35,0.00,121,0
102.35,0.00,109,0
102.35,0.00,99,0
102.34,0.00,99,0
102.34,0.00,89,0
102.34,0.00,80,0
102.34,0.00,80,0
102.32,0.00,72,0
102.32,0.00,65,0
102.32,0.00,65,0
102.32,0.00,59,0
102.31,0.00,59,0
102.31,0.00,53,0
102.31,0.00,48,0
102.31,0.00,48,0
102.29,0.00,43,0
102.29,0.00,39,0
102.29,0.00,39,0
102.29,0.00,35,0
102.27,0.00,31,0
102.27,0.00,31,0
102.27,0.00,28,0
102.27,0.00,25,0
102.26,0.00,25,0
102.26,0.00,22,0
102.26,0.00,20,0
102.26,0.00,20,0
102.24,0.00,18,0
102.24,0.00,16,0
102.24,0.00,14,0
102.21,0.00,12,0
102.21,0.00,10,0
102.21,0.00,10,0
102.21,0.00,9,0
102.19,0.00,8,0
102.19,0.00,8,0
102.19,0.00,7,0
102.19,0.00,7,0
102.17,0.00,6,0
102.17,0.00,5,0
102.17,0.00,4,0
102.17,0.00,4,0
102.14,0.00,3,0
102.14,0.00,3,0
102.14,0.00,2,0
102.14,0.00,1,0
102.12,0.00,1,0
102.12,0.00,0,0
102.12,0.00,0,0
102.12,0.00,0,0
102.09,0.00,0,0
102.09,0.00,0,0
102.09,0.00,0,0
102.09,0.00,0,0
102.07,0.00,0,0
102.07,0.00,0,0
102.07,0.00,0,0
102.04,0.00,0,0
102.04,0.00,0,0
102.04,0.00,0,0
102.04,0.00,0,0
102.02,0.00,0,0
102.02,0.00,0,0
102.02,0.00,0,0
102.02,0.00,0,0
101.99,0.00,0,0
101.99,0.00,0,0
101.99,0.00,0,0
101.99,0.00,0,0
101.95,0.00,0,0
101.95,0.00,0,0
101.95,0.00,0,0
101.95,0.00,0,0
101.93,0.00,0,0
101.93,0.00,0,0
101.93,0.00,0,0
101.93,0.00,0,0
101.89,0.00,0,0
101.89,0.00,0,0
101.89,0.00,0,0
101.89,0.00,0,0
101.86,0.00,0,0
101.86,0.00,0,0
101.86,0.00,0,0
101.86,0.00,0,0
101.83,0.00,0,0
101.83,0.00,0,0
101.83,0.00,0,0
101.79,0.00,0,0
101.79,0.00,0,0
101.79,0.00,0,0
101.79,0.00,0,0
101.76,0.00,0,0
101.76,0.00,0,0
101.76,0.00,0,0
101.76,0.00,0,0
101.73,0.00,0,0
101.73,0.00,0,0
101.73,0.00,0,0
101.73,0.00,0,0
101.69,0.00,0,0
101.69,0.00,0,0
101.69,0.00,0,0
101.69,0.00,0,0
101.66,0.00,0,0
101.66,0.00,0,0
101.66,0.00,0,0
101.66,0.00,0,0
101.62,0.00,0,0
101.62,0.00,0,0
101.62,0.00,0,0
101.62,0.00,0,0
101.59,0.00,0,0
101.59,0.00,0,0
101.59,0.00,0,0
101.59,0.00,0,0
101.56,0.00,0,0
101.56,0.00,0,0
101.56,0.00,0,0
101.52,0.00,0,0
101.52,0.00,0,0
101.52,0.00,0,0
101.52,0.00,0,0
101.50,0.00,0,0
101.50,0.00,0,0
101.50,0.00,0,0
101.50,0.00,0,0
101.47,0.00,0,0
101.47,0.00,0,0
101.47,0.00,0,0
101.47,0.00,0,0
101.45,0.00,0,0
101.45,0.00,0,0
101.45,0.00,0,0
101.45,0.00,0,0
101.44,0.00,0,0
101.44,0.00,0,0
101.44,0.00,0,0
101.44,0.00,18128,0
101.43,0.00,18128,0
101.43,0.00,32724,0
101.43,0.00,32766,0
101.43,0.00,32766,0
101.44,0.00,32766,0
101.44,0.00,21698,0
101.44,0.00,21698,0
101.44,0.00,19738,0
101.44,0.00,28938,0
101.44,0.00,27984,0
101.44,0.00,30680,0
101.45,0.00,30680,0
101.45,0.00,26124,0
101.45,0.00,25878,0
101.45,0.00,25878,0
101.47,0.00,27794,0
101.47,0.00,30424,0
101.47,0.00,30424,0
101.47,0.00,30368,0
101.51,0.00,30180,0
101.51,0.00,30180,0
101.51,0.00,30506,0
101.51,0.00,30506,0
101.57,0.00,29036,0
101.57,0.00,29600,0
101.57,0.00,30632,0
101.57,0.00,30632,0
101.62,0.00,30872,0
101.62,0.00,30872,0
101.62,0.00,30336,0
101.62,0.00,30132,0
101.70,0.00,30236,0
101.70,0.00,31034,0
101.70,0.00,31650,0
101.77,0.00,31650,0
101.77,0.00,31276,0
101.77,0.00,31480,0
101.77,0.00,31480,0
101.86,0.00,31416,0
101.86,0.00,31180,0
101.86,0.00,31180,0
101.86,0.00,31298,0
101.94,0.00,30622,0
101.94,0.00,30622,0
101.94,0.00,30938,0
101.94,0.00,30938,0
102.03,0.00,31196,0
102.03,0.00,30486,0
102.03,0.00,30486,0
102.03,0.00,30766,0
102.11,0.00,30584,0
102.11,0.00,30584,0
102.11,0.00,30246,0
102.11,0.00,30186,0
102.17,0.00,30186,0
102.17,0.00,28552,0
102.23,0.00,29706,0
102.29,0.00,29296,0
102.29,0.00,28860,0
102.29,0.00,27418,0
102.33,0.00,26782,0
102.33,0.00,25426,0
102.33,0.00,25432,0
102.33,0.00,27592,0
102.37,0.00,25796,0
102.37,0.00,25662,0
102.37,0.00,23270,0
102.37,0.00,22082,0
102.40,0.00,20038,0
102.40,0.00,20038,0
102.40,0.00,21160,0
102.40,0.00,19940,0
102.43,0.00,19940,0
102.43,0.00,24586,0
102.43,0.00,25162,0
102.43,0.00,25162,0
102.45,0.00,21018,0
102.45,0.00,17288,0
102.45,0.00,17288,0
102.45,0.00,20822,0
102.47,0.00,18092,0
102.47,0.00,17118,0
102.47,0.00,16294,0
102.48,0.00,16294,0
102.48,0.00,15694,0
102.48,0.00,13855,0
102.48,0.00,13855,0
102.50,0.00,13921,0
102.50,0.00,13124,0
102.50,0.00,13124,0
102.50,0.00,12329,0
102.50,0.00,11582,0
102.50,0.00,11582,0
102.50,0.00,10881,0
102.50,0.00,10220,0
102.51,0.00,10220,0
102.51,0.00,9290,0
102.51,0.00,8445,0
102.51,0.00,8445,0
102.51,0.00,7677,0
102.51,0.00,7677,0
102.51,0.00,6979,0
102.51,0.00,6344,0
102.51,0.00,6344,0
102.51,0.00,5767,0
102.51,0.00,5242,0
102.51,0.00,4765,0
102.51,0.00,4331,0
102.51,0.00,3937,0
102.51,0.00,3937,0
102.51,0.00,3579,0
102.51,0.00,3253,0
102.51,0.00,3253,0
102.51,0.00,2957,0
102.51,0.00,2688,0
102.51,0.00,2688,0
102.51,0.00,2443,0
102.50,0.00,2220,0
102.50,0.00,2220,0
102.50,0.00,2018,0
102.50,0.00,1834,0
102.50,0.00,1834,0
102.50,0.00,1667,0
102.50,0.00,1515,0
102.50,0.00,1515,0
102.49,0.00,1377,0
102.49,0.00,1251,0
102.49,0.00,1251,0
102.49,0.00,1137,0
102.49,0.00,1137,0
102.49,0.00,1033,0
102.49,0.00,939,0
102.48,0.00,853,0
102.48,0.00,775,0
102.48,0.00,704,0
102.48,0.00,640,0
102.47,0.00,640,0
102.47,0.00,581,0
102.47,0.00,581,0
102.47,0.00,528,0
102.45,0.00,479,0
102.45,0.00,479,0
102.45,0.00,435,0
102.45,0.00,395,0
102.44,0.00,395,0
102.44,0.00,359,0
102.44,0.00,326,0
102.44,0.00,326,0
102.43,0.00,296,0
102.43,0.00,269,0
102.43,0.00,269,0
102.43,0.00,244,0
102.41,0.00,244,0
102.41,0.00,221,0
102.41,0.00,200,0
102.41,0.00,200,0
102.40,0.00,181,0
102.40,0.00,164,0
102.40,0.00,149,0
102.39,0.00,135,0
102.39,0.00,122,0
102.39,0.00,122,0
102.39,0.00,110,0
102.38,0.00,110,0
102.38,0.00,99,0
102.38,0.00,89,0
102.38,0.00,89,0
102.37,0.00,80,0
102.37,0.00,72,0
102.37,0.00,72,0
102.37,0.00,65,0
102.35,0.00,65,0
102.35,0.00,59,0
102.35,0.00,53,0
102.35,0.00,53,0
102.34,0.00,48,0
102.34,0.00,43,0
102.34,0.00,43,0
102.34,0.00,39,0
102.33,0.00,35,0
102.33,0.00,35,0
102.33,0.00,31,0
102.33,0.00,28,0
102.32,0.00,28,0
102.32,0.00,25,0
102.32,0.00,22,0
102.32,0.00,20,0
102.32,0.00,18,0
102.32,0.00,18,0
102.32,0.00,16,0
102.31,0.00,14,0
102.31,0.00,14,0
102.31,0.00,12,0
102.31,0.00,10,0
102.29,0.00,10,0
102.29,0.00,9,0
102.29,0.00,8,0
102.29,0.00,8,0
102.28,0.00,7,0
102.28,0.00,6,0
102.28,0.00,6,0
102.28,0.00,5,0
102.27,0.00,5,0
102.27,0.00,4,0
102.27,0.00,3,0
102.27,0.00,3,0
102.26,0.00,2,0
102.26,0.00,1,0
102.26,0.00,1,0
102.26,0.00,0,0
102.25,0.00,0,0
102.25,0.00,0,0
102.25,0.00,0,0
102.25,0.00,0,0
102.24,0.00,0,0
102.24,0.00,0,0
102.24,0.00,0,0
102.23,0.00,0,0
102.23,0.00,0,0
102.23,0.00,0,0
102.23,0.00,0,0
102.22,0.00,0,0
102.22,0.00,0,0
102.22,0.00,0,0
102.22,0.00,0,0
102.21,0.00,0,0
102.21,0.00,0,0
102.21,0.00,0,0
102.21,0.00,0,0
102.20,0.00,0,0
102.20,0.00,0,0
102.20,0.00,0,0
102.20,0.00,0,0
102.19,0.00,0,0
102.19,0.00,0,0
102.19,0.00,0,0
102.19,0.00,0,0
102.19,0.00,0,0
102.19,0.00,0,0
102.19,0.00,0,0
102.19,0.00,0,0
102.18,0.00,0,0
102.18,0.00,0,0
102.18,0.00,0,0
102.18,0.00,0,0
102.18,0.00,0,0
102.18,0.00,0,0
102.18,0.00,0,0
102.17,0.00,0,0
102.17,0.00,0,0
102.17,0.00,0,0
102.17,0.00,0,0
102.16,0.00,0,0
102.16,0.00,0,0
102.16,0.00,0,0
102.16,0.00,0,0
102.15,0.00,0,0
102.15,0.00,0,0
102.15,0.00,0,0
102.15,0.00,0,0
102.15,0.00,0,0
102.15,0.00,0,0
102.15,0.00,0,0
102.15,0.00,0,0
102.14,0.00,0,0
102.14,0.00,0,0
102.14,0.00,0,0
102.14,0.00,0,0
102.14,0.00,0,0
102.14,0.00,0,0
102.14,0.00,0,0
102.14,0.00,0,0
102.13,0.00,0,0
102.13,0.00,0,0
102.13,0.00,0,0
102.13,0.00,0,0
102.12,0.00,0,0
102.12,0.00,0,0
102.11,0.00,0,0
102.11,0.00,0,0
102.11,0.00,0,0
102.11,0.00,0,0
102.11,0.00,0,0
102.11,0.00,0,0
102.11,0.00,0,0
102.11,0.00,0,0
102.11,0.00,0,0
102.11,0.00,0,0
102.11,0.00,0,0
102.11,0.00,0,0
102.10,0.00,0,0
102.10,0.00,0,0
102.10,0.00,0,0
102.10,0.00,0,0
102.10,0.00,0,0
102.10,0.00,0,0
102.10,0.00,0,0
102.10,0.00,0,0
102.09,0.00,0,0
102.09,0.00,0,0
102.09,0.00,0,0
102.09,0.00,0,0
102.10,0.00,0,0
102.10,0.00,0,0
102.10,0.00,0,0
102.09,0.00,0,0
102.09,0.00,0,0
102.09,0.00,0,0
102.09,0.00,0,0
102.08,0.00,0,0
102.08,0.00,0,0
102.08,0.00,0,0
102.08,0.00,0,0
102.09,0.00,0,0
102.09,0.00,0,0
102.09,0.00,0,0
102.09,0.00,0,0
102.08,0.00,0,0
102.08,0.00,0,0
102.08,0.00,0,0
102.08,0.00,0,0
102.08,0.00,0,0
102.08,0.00,0,0
102.08,0.00,0,0
102.08,0.00,0,0
102.08,0.00,0,0
102.08,0.00,0,0
102.08,0.00,0,0
102.08,0.00,0,0
102.08,0.00,0,0
102.08,0.00,0,0
102.08,0.00,0,0
102.08,0.00,0,0
102.08,0.00,0,0
102.08,0.00,0,0
102.08,0.00,0,0
102.08,0.00,0,0
102.08,0.00,0,0
102.08,0.00,0,0
102.08,0.00,0,0
102.08,0.00,0,0
102.08,0.00,0,0
102.08,0.00,0,0
102.08,0.00,0,0
102.08,0.00,0,0
102.08,0.00,0,0
102.08,0.00,0,0
102.08,0.00,0,0
102.08,0.00,0,0
102.08,0.00,0,0
102.08,0.00,0,0
102.08,0.00,0,0
102.08,0.00,0,0
102.08,0.00,0,0
102.08,0.00,0,0
102.08,0.00,0,0
102.09,0.00,0,0
102.09,0.00,0,0
102.09,0.00,0,0
102.09,0.00,0,0
102.09,0.00,0,0
102.09,0.00,0,0
102.09,0.00,0,0
102.09,0.00,0,0
102.09,0.00,0,0
102.09,0.00,0,0
102.09,0.00,0,0
102.09,0.00,0,0
102.09,0.00,0,0
102.09,0.00,0,0
102.09,0.00,0,0
102.10,0.00,0,0
102.10,0.00,0,0
102.10,0.00,0,0
102.10,0.00,0,0
102.10,0.00,0,0
102.10,0.00,0,0
102.10,0.00,0,0
102.10,0.00,0,0
102.10,0.00,0,0
102.10,0.00,0,0
102.10,0.00,0,0
102.10,0.00,0,0
102.11,0.00,0,0
102.11,0.00,0,0
102.11,0.00,0,0
102.11,0.00,0,0
102.11,0.00,0,0
102.11,0.00,0,0
102.11,0.00,0,0
102.11,0.00,0,0
102.11,0.00,0,0
102.11,0.00,0,0
102.11,0.00,0,0
102.11,0.00,0,0
102.12,0.00,0,0
102.12,0.00,0,0
102.12,0.00,0,0
102.12,0.00,0,0
102.12,0.00,0,0
102.12,0.00,0,0
102.12,0.00,0,0
102.12,0.00,0,0
102.12,0.00,0,0
102.12,0.00,0,0
102.12,0.00,0,0
102.12,0.00,0,0
102.12,0.00,0,0
102.12,0.00,0,0
102.12,0.00,0,0
102.13,0.00,0,0
102.13,0.00,0,0
102.13,0.00,0,0
102.13,0.00,0,0
102.13,0.00,0,0
102.13,0.00,0,0
102.13,0.00,0,0
102.13,0.00,0,0
102.13,0.00,0,0
102.13,0.00,0,0
102.13,0.00,0,0
102.13,0.00,0,0
102.14,0.00,0,0
102.14,0.00,0,0
102.14,0.00,0,0
102.14,0.00,0,0
102.14,0.00,0,0
102.14,0.00,0,0
102.14,0.00,0,0
102.14,0.00,0,0
102.14,0.00,0,0
102.14,0.00,0,0
102.15,0.00,0,0
102.15,0.00,0,0
102.15,0.00,0,0
102.15,0.00,0,0
102.15,0.00,0,0
102.15,0.00,0,0
102.15,0.00,0,0
102.15,0.00,0,0
102.15,0.00,0,0
102.15,0.00,0,0
102.15,0.00,0,0
102.15,0.00,0,0
102.15,0.00,0,0
102.15,0.00,0,0
102.15,0.00,0,0
102.15,0.00,0,0
102.15,0.00,0,0
102.15,0.00,0,0
102.15,0.00,0,0
102.15,0.00,0,0
102.15,0.00,0,0
102.15,0.00,0,0
102.15,0.00,0,0
102.15,0.00,0,0
102.16,0.00,0,0
102.16,0.00,0,0
102.16,0.00,0,0
102.16,0.00,0,0
102.16,0.00,0,0
102.16,0.00,0,0
102.16,0.00,0,0
102.16,0.00,0,0
102.16,0.00,0,0
102.16,0.00,0,0
102.16,0.00,0,0
102.16,0.00,0,0
102.16,0.00,0,0
102.16,0.00,0,0
102.16,0.00,0,0
102.16,0.00,0,0
102.16,0.00,0,0
102.16,0.00,0,0
102.16,0.00,0,0
102.16,0.00,0,0
102.16,0.00,0,0
102.16,0.00,0,0
102.16,0.00,0,0
102.17,0.00,0,0
102.17,0.00,0,0
102.17,0.00,0,0
102.17,0.00,0,0
102.17,0.00,0,0
102.17,0.00,0,0
102.17,0.00,0,0
102.16,0.00,0,0
102.16,0.00,0,0
102.16,0.00,0,0
102.16,0.00,0,0
102.17,0.00,0,0
102.17,0.00,0,0
102.17,0.00,0,0
102.17,0.00,0,0
102.16,0.00,0,0
102.16,0.00,0,0
102.16,0.00,0,0
102.16,0.00,0,0
102.16,0.00,0,0
102.16,0.00,0,0
102.16,0.00,0,0
102.16,0.00,0,0
102.17,0.00,0,0
102.17,0.00,0,0
102.17,0.00,0,0
102.17,0.00,0,0
102.17,0.00,0,0
102.17,0.00,0,0
102.17,0.00,0,0
102.17,0.00,0,0
102.17,0.00,0,0
102.17,0.00,0,0
102.17,0.00,0,0
102.17,0.00,0,0
102.16,0.00,0,0
102.16,0.00,0,0
102.16,0.00,0,0
102.17,0.00,0,0
102.17,0.00,0,0
102.17,0.00,0,0
102.17,0.00,0,0
102.17,0.00,0,0
102.17,0.00,0,0
102.17,0.00,0,0
102.17,0.00,0,0
102.17,0.00,0,0
102.17,0.00,0,0
102.17,0.00,0,0
102.16,0.00,0,0
102.16,0.00,0,0
102.16,0.00,0,0
102.16,0.00,0,0
102.17,0.00,0,0
102.17,0.00,0,0
102.17,0.00,0,0
102.17,0.00,0,0
102.16,0.00,0,0
102.16,0.00,0,0
102.16,0.00,0,0
102.16,0.00,0,0
102.16,0.00,0,0
102.16,0.00,0,0
102.16,0.00,0,0
102.16,0.00,0,0
102.16,0.00,0,0
102.16,0.00,0,0
102.16,0.00,0,0
102.16,0.00,0,0
102.16,0.00,0,0
102.16,0.00,0,0
102.16,0.00,0,0
102.15,0.00,0,0
102.15,0.00,0,0
102.15,0.00,0,0
102.15,0.00,0,0
102.15,0.00,0,0
102.15,0.00,0,0
102.15,0.00,0,0
102.15,0.00,0,0
102.15,0.00,0,0
102.15,0.00,0,0
102.15,0.00,0,0
102.15,0.00,0,0
102.14,0.00,0,0
102.14,0.00,0,0
102.14,0.00,0,0
102.14,0.00,0,0
102.14,0.00,0,0
102.14,0.00,0,0
102.14,0.00,0,0
102.14,0.00,0,0
102.13,0.00,0,0
102.13,0.00,0,0
102.13,0.00,0,0
102.13,0.00,0,0
102.13,0.00,0,0
102.13,0.00,0,0
102.13,0.00,0,0
102.12,0.00,0,0
102.12,0.00,0,0
102.12,0.00,0,0
102.12,0.00,0,0
102.12,0.00,0,0
102.12,0.00,0,0
102.12,0.00,0,0
102.12,0.00,0,0
102.11,0.00,0,0
102.11,0.00,0,0
102.11,0.00,0,0
102.11,0.00,0,0
102.10,0.00,0,0
102.10,0.00,0,0
102.10,0.00,0,0
102.10,0.00,0,0
102.10,0.00,0,0
102.10,0.00,0,0
102.10,0.00,0,0
102.10,0.00,0,0
102.09,0.00,0,0
102.09,0.00,0,0
102.09,0.00,0,0
102.09,0.00,0,0
102.09,0.00,0,0
102.09,0.00,0,0
102.09,0.00,0,0
102.09,0.00,0,0
102.08,0.00,0,0
102.08,0.00,0,0
102.08,0.00,0,0
102.08,0.00,0,0
102.08,0.00,0,0
102.08,0.00,0,0
102.08,0.00,0,0
102.07,0.00,0,0
102.07,0.00,0,0
102.07,0.00,0,0
102.07,0.00,0,0
102.06,0.00,0,0
102.06,0.00,0,0
102.06,0.00,0,0
102.06,0.00,0,0
102.06,0.00,0,0
102.06,0.00,0,0
102.06,0.00,0,0
102.06,0.00,0,0
102.06,0.00,0,0
102.06,0.00,0,0
102.06,0.00,0,0
102.06,0.00,0,0
102.05,0.00,0,0
102.05,0.00,0,0
102.05,0.00,0,0
102.05,0.00,0,0
102.05,0.00,0,0
102.05,0.00,0,0
102.05,0.00,0,0
102.04,0.00,0,0
102.04,0.00,0,0
102.04,0.00,0,0
102.04,0.00,0,0
102.04,0.00,0,0
102.04,0.00,0,0
102.04,0.00,0,0
102.04,0.00,0,0
102.03,0.00,0,0
102.03,0.00,0,0
102.03,0.00,0,0
102.03,0.00,0,0
102.03,0.00,0,0
102.03,0.00,0,0
102.03,0.00,0,0
102.03,0.00,0,0
102.02,0.00,0,0
102.02,0.00,0,0
102.02,0.00,0,0
102.02,0.00,0,0
102.02,0.00,0,0
102.02,0.00,0,0
102.02,0.00,0,0
102.02,0.00,0,0
102.02,0.00,0,0
102.02,0.00,0,0
102.02,0.00,0,0
102.02,0.00,0,0
102.02,0.00,0,0
102.02,0.00,0,0
102.02,0.00,0,0
102.01,0.00,0,0
102.01,0.00,0,0
102.01,0.00,0,0
102.01,0.00,0,0
102.01,0.00,0,0
102.01,0.00,0,0
102.01,0.00,0,0
102.01,0.00,0,0
102.00,0.00,0,0
102.00,0.00,0,0
102.00,0.00,0,0
102.00,0.00,0,0
102.00,0.00,0,0
102.00,0.00,0,0
102.00,0.00,0,0
102.00,0.00,0,0
102.00,0.00,0,0
102.00,0.00,0,0
102.00,0.00,0,0
102.00,0.00,0,0
102.00,0.00,0,0
102.00,0.00,0,0
102.00,0.00,0,0
102.00,0.00,0,0
102.00,0.00,0,0
102.00,0.00,0,0
102.00,0.00,0,0
102.00,0.00,0,0
101.99,0.00,0,0
101.99,0.00,0,0
101.99,0.00,0,0
101.99,0.00,0,0
101.99,0.00,0,0
101.99,0.00,0,0
101.99,0.00,0,0
101.99,0.00,0,0
101.99,0.00,0,0
101.99,0.00,0,0
101.99,0.00,0,0
101.99,0.00,0,0
101.99,0.00,0,0
101.99,0.00,0,0
101.99,0.00,0,0
101.99,0.00,0,0
101.99,0.00,0,0
101.99,0.00,0,0
101.99,0.00,0,0
101.99,0.00,0,0
101.99,0.00,0,0
101.99,0.00,0,0
101.99,0.00,0,0
102.00,0.00,0,0
102.00,0.00,0,0
102.00,0.00,0,0
102.00,0.00,0,0
102.00,0.00,0,0
102.00,0.00,0,0
102.00,0.00,0,0
102.00,0.00,0,0
102.01,0.00,0,0
102.01,0.00,0,0
102.01,0.00,0,0
102.02,0.00,0,0
102.02,0.00,0,0
102.02,0.00,0,0
102.02,0.00,0,0
102.03,0.00,0,0
102.03,0.00,0,0
102.03,0.00,0,0
102.03,0.00,0,0
102.04,0.00,0,0
102.04,0.00,0,0
102.04,0.00,0,0
102.04,0.00,0,0
102.05,0.00,0,0
102.05,0.00,0,0
102.05,0.00,0,0
102.05,0.00,0,0
102.07,0.00,0,0
102.07,0.00,0,0
102.07,0.00,0,0
102.07,0.00,0,0
102.08,0.00,0,0
102.08,0.00,0,0
102.08,0.00,0,0
102.08,0.00,0,0
102.09,0.00,0,0
102.09,0.00,0,0
102.09,0.00,0,0
102.09,0.00,0,0
102.11,0.00,0,0
102.12,0.00,0,0
102.13,0.00,0,0
102.13,0.00,0,0
102.13,0.00,0,0
102.13,0.00,0,0
102.15,0.00,0,0
102.15,0.00,0,0
102.15,0.00,0,0
102.15,0.00,0,0
102.15,0.00,0,0
102.15,0.00,0,0
102.15,0.00,0,0
102.15,0.00,0,0
102.17,0.00,0,0
102.17,0.00,0,0
102.17,0.00,0,0
102.17,0.00,0,0
102.18,0.00,0,0
102.18,0.00,0,0
102.18,0.00,0,0
102.18,0.00,0,0
102.19,0.00,0,0
102.19,0.00,0,0
102.19,0.00,0,0
102.19,0.00,0,0
102.19,0.00,0,0
102.19,0.00,0,0
102.19,0.00,0,0
102.19,0.00,0,0
102.20,0.00,0,0
102.20,0.00,0,0
102.20,0.00,0,0
102.20,0.00,0,0
102.20,0.00,0,0
102.20,0.00,0,0
102.20,0.00,0,0
102.21,0.00,0,0
102.21,0.00,0,0
102.21,0.00,0,0
102.21,0.00,0,0
102.21,0.00,0,0
102.21,0.00,0,0
102.21,0.00,0,0
102.21,0.00,0,0
102.21,0.00,0,0
102.21,0.00,0,0
102.21,0.00,0,0
102.21,0.00,0,0
102.22,0.00,0,0
102.22,0.00,0,0
102.22,0.00,0,0
102.22,0.00,0,0
102.22,0.00,0,0
102.22,0.00,0,0
102.22,0.00,0,0
102.22,0.00,0,0
102.22,0.00,0,0
102.22,0.00,0,0
102.22,0.00,0,0
102.22,0.00,0,0
102.22,0.00,0,0
102.22,0.00,0,0
102.22,0.00,0,0
102.22,0.00,0,0
102.22,0.00,0,0
102.22,0.00,0,0
102.22,0.00,0,0
102.22,0.00,0,0
102.22,0.00,0,0
102.22,0.00,0,0
102.22,0.00,0,0
102.23,0.00,0,0
102.23,0.00,0,0
102.23,0.00,0,0
102.23,0.00,0,0
102.23,0.00,0,0
102.23,0.00,0,0
102.23,0.00,0,0
102.23,0.00,0,0
102.22,0.00,0,0
102.22,0.00,0,0
102.22,0.00,0,0
102.22,0.00,0,0
102.22,0.00,0,0
102.22,0.00,0,0
102.22,0.00,0,0
102.22,0.00,0,0
102.22,0.00,0,0
102.22,0.00,0,0
102.22,0.00,0,0
102.22,0.00,0,0
102.22,0.00,0,0
102.22,0.00,0,0
102.22,0.00,0,0
102.22,0.00,0,0
102.22,0.00,0,0
102.22,0.00,0,0
102.22,0.00,0,0
102.21,0.00,0,0
102.21,0.00,0,0
102.21,0.00,0,0
102.21,0.00,0,0
102.21,0.00,0,0
102.21,0.00,0,0
102.21,0.00,0,0
102.21,0.00,0,0
102.20,0.00,0,0
102.20,0.00,0,0
102.20,0.00,0,0
102.20,0.00,0,0
102.20,0.00,0,0
102.20,0.00,0,0
102.20,0.00,0,0
102.20,0.00,0,0
102.20,0.00,0,0
102.20,0.00,0,0
102.20,0.00,0,0
102.20,0.00,0,0
102.20,0.00,0,0
102.20,0.00,0,0
102.20,0.00,0,0
102.20,0.00,0,0
102.20,0.00,0,0
102.20,0.00,0,0
102.20,0.00,0,0
102.19,0.00,0,0
102.19,0.00,0,0
102.19,0.00,0,0
102.19,0.00,0,0
102.19,0.00,0,0
102.19,0.00,0,0
102.19,0.00,0,0
102.19,0.00,0,0
102.19,0.00,0,0
102.19,0.00,0,0
102.19,0.00,0,0
102.19,0.00,0,0
102.18,0.00,0,0
102.18,0.00,0,0
102.18,0.00,0,0
102.18,0.00,0,0
102.18,0.00,0,0
102.18,0.00,0,0
102.18,0.00,0,0
102.18,0.00,0,0
102.18,0.00,0,0
102.18,0.00,0,0
102.18,0.00,0,0
102.18,0.00,0,0
102.17,0.00,0,0
102.17,0.00,0,0
102.17,0.00,0,0
102.17,0.00,0,0
102.17,0.00,0,0
102.17,0.00,0,0
102.17,0.00,0,0
102.16,0.00,0,0
102.16,0.00,0,0
102.16,0.00,0,0
102.16,0.00,0,0
102.16,0.00,0,0
102.16,0.00,0,0
102.16,0.00,0,0
102.16,0.00,0,0
102.16,0.00,0,0
102.16,0.00,0,0
102.16,0.00,0,0
102.16,0.00,0,0
102.15,0.00,0,0
102.15,0.00,0,0
102.15,0.00,0,0
102.15,0.00,0,0
102.15,0.00,0,0
102.15,0.00,0,0
102.15,0.00,0,0
102.15,0.00,0,0
102.15,0.00,0,0
102.15,0.00,0,0
102.15,0.00,0,0
102.15,0.00,0,0
102.14,0.00,0,0
102.14,0.00,0,0
102.14,0.00,0,0
102.14,0.00,0,0
102.14,0.00,0,0
102.14,0.00,0,0
102.14,0.00,0,0
102.13,0.00,0,0
102.13,0.00,0,0
102.13,0.00,0,0
102.13,0.00,0,0
102.13,0.00,0,0
102.13,0.00,0,0
102.13,0.00,0,0
102.13,0.00,0,0
102.13,0.00,0,0
102.13,0.00,0,0
102.13,0.00,0,0
102.13,0.00,0,0
102.12,0.00,0,0
102.12,0.00,0,0
102.12,0.00,0,0
102.12,0.00,0,0
102.12,0.00,0,0
102.12,0.00,0,0
102.12,0.00,0,0
102.12,0.00,0,0
102.11,0.00,0,0
102.11,0.00,0,0
102.11,0.00,0,0
102.11,0.00,0,0
102.11,0.00,0,0
102.11,0.00,0,0
102.11,0.00,0,0
102.11,0.00,0,0
102.11,0.00,0,0
102.11,0.00,0,0
102.11,0.00,0,0
102.10,0.00,0,0
102.10,0.00,0,0
102.10,0.00,0,0
102.10,0.00,0,0
102.10,0.00,0,0
102.10,0.00,0,0
102.10,0.00,0,0
102.10,0.00,0,0
102.09,0.00,0,0
102.09,0.00,0,0
102.09,0.00,0,0
102.09,0.00,0,0
102.09,0.00,0,0
102.09,0.00,0,0
102.09,0.00,0,0
102.09,0.00,0,0
102.09,0.00,0,0
102.09,0.00,0,0
102.09,0.00,0,0
102.09,0.00,0,0
102.08,0.00,0,0
102.08,0.00,0,0
102.08,0.00,0,0
102.07,0.00,0,0
102.07,0.00,0,0
102.07,0.00,0,0
102.07,0.00,0,0
102.07,0.00,0,0
102.07,0.00,0,0
102.07,0.00,0,0
102.06,0.00,0,0
102.06,0.00,0,0
102.06,0.00,0,0
102.06,0.00,0,0
102.06,0.00,0,0
102.06,0.00,0,0
102.06,0.00,0,0
102.06,0.00,0,0
102.06,0.00,0,0
102.06,0.00,0,0
102.06,0.00,0,0
102.06,0.00,0,0
102.06,0.00,0,0
102.06,0.00,0,0
102.06,0.00,0,0
102.06,0.00,0,0
102.06,0.00,0,0
102.06,0.00,0,0
102.06,0.00,0,0
102.06,0.00,0,0
102.05,0.00,0,0
102.05,0.00,0,0
102.05,0.00,0,0
102.05,0.00,0,0
102.05,0.00,0,0
102.05,0.00,0,0
102.05,0.00,0,0
102.05,0.00,0,0
102.05,0.00,0,0
102.05,0.00,0,0
102.05,0.00,0,0
102.05,0.00,0,0
102.05,0.00,0,0
102.05,0.00,0,0
102.05,0.00,0,0
102.05,0.00,0,0
102.05,0.00,0,0
102.05,0.00,0,0
102.05,0.00,0,0
102.05,0.00,0,0
102.05,0.00,0,0
102.05,0.00,0,0
102.05,0.00,0,0
102.04,0.00,0,0
102.04,0.00,0,0
102.04,0.00,0,0
102.04,0.00,0,0
102.04,0.00,0,0
102.04,0.00,0,0
102.04,0.00,0,0
102.04,0.00,0,0
102.04,0.00,0,0
102.04,0.00,0,0
102.04,0.00,0,0
102.04,0.00,0,0
102.04,0.00,0,0
102.04,0.00,0,0
102.04,0.00,0,0
102.04,0.00,0,0
102.04,0.00,0,0
102.04,0.00,0,0
102.04,0.00,0,0
102.05,0.00,0,0
102.05,0.00,0,0
102.05,0.00,0,0
102.05,0.00,0,0
102.05,0.00,0,0
102.05,0.00,0,0
102.05,0.00,0,0
102.05,0.00,0,0
102.05,0.00,0,0
102.05,0.00,0,0
102.05,0.00,0,0
102.05,0.00,0,0
102.06,0.00,0,0
102.06,0.00,0,0
102.06,0.00,0,0
102.06,0.00,0,0
102.06,0.00,0,0
102.06,0.00,0,0
102.06,0.00,0,0
102.06,0.00,0,0
102.06,0.00,0,0
102.06,0.00,0,0
102.06,0.00,0,0
102.07,0.00,0,0
102.07,0.00,0,0
102.07,0.00,0,0
102.07,0.00,0,0
102.07,0.00,0,0
102.07,0.00,0,0
102.07,0.00,0,0
102.07,0.00,0,0
102.07,0.00,0,0
102.07,0.00,0,0
102.07,0.00,0,0
102.07,0.00,0,0
102.07,0.00,0,0
102.07,0.00,0,0
102.07,0.00,0,0
102.07,0.00,0,0
102.08,0.00,0,0
102.08,0.00,0,0
102.08,0.00,0,0
102.08,0.00,0,0
102.09,0.00,0,0
102.09,0.00,0,0
102.09,0.00,0,0
102.09,0.00,0,0
102.09,0.00,0,0
102.09,0.00,0,0
102.09,0.00,0,0
102.09,0.00,0,0
102.09,0.00,0,0
102.09,0.00,0,0
102.09,0.00,0,0
102.09,0.00,0,0
102.09,0.00,0,0
102.09,0.00,0,0
102.09,0.00,0,0
102.09,0.00,0,0
102.09,0.00,0,0
102.09,0.00,0,0
102.09,0.00,0,0
102.10,0.00,0,0
102.10,0.00,0,0
102.10,0.00,0,0
102.10,0.00,0,0
102.10,0.00,0,0
102.10,0.00,0,0
102.10,0.00,0,0
102.10,0.00,0,0
102.10,0.00,0,0
102.10,0.00,0,0
102.10,0.00,0,0
102.10,0.00,0,0
102.10,0.00,0,0
102.10,0.00,0,0
102.10,0.00,0,0
102.10,0.00,0,0
102.10,0.00,0,0
102.10,0.00,0,0
102.10,0.00,0,0
102.10,0.00,0,0
102.10,0.00,0,0
102.10,0.00,0,0
102.10,0.00,0,0
102.11,0.00,0,0
102.11,0.00,0,0
102.11,0.00,0,0
102.11,0.00,0,0
102.11,0.00,0,0
102.11,0.00,0,0
102.11,0.00,0,0
102.11,0.00,0,0
102.11,0.00,0,0
102.11,0.00,0,0
102.11,0.00,0,0
102.11,0.00,0,0
102.11,0.00,0,0
102.11,0.00,0,0
102.11,0.00,0,0
102.11,0.00,0,0
102.11,0.00,0,0
102.11,0.00,0,0
102.11,0.00,0,0
102.11,0.00,0,0
102.11,0.00,0,0
102.11,0.00,0,0
102.11,0.00,0,0
102.11,0.00,0,0
102.11,0.00,0,0
102.11,0.00,0,0
102.11,0.00,0,0
102.11,0.00,0,0
102.11,0.00,0,0
102.11,0.00,0,0
102.11,0.00,0,0
102.11,0.00,0,0
102.11,0.00,0,0
102.11,0.00,0,0
102.11,0.00,0,0
102.11,0.00,0,0
102.11,0.00,0,0
102.11,0.00,0,0
102.11,0.00,0,0
102.11,0.00,0,0
102.11,0.00,0,0
102.11,0.00,0,0
102.11,0.00,0,0
102.11,0.00,0,0
102.11,0.00,0,0
102.11,0.00,0,0
102.11,0.00,0,0
102.11,0.00,0,0
102.11,0.00,0,0
102.11,0.00,0,0
102.11,0.00,0,0
102.11,0.00,0,0
102.11,0.00,0,0
102.11,0.00,0,0
102.11,0.00,0,0
102.11,0.00,0,0
102.11,0.00,0,0
102.11,0.00,0,0
102.11,0.00,0,0
102.11,0.00,0,0
102.11,0.00,0,0
102.11,0.00,0,0
102.11,0.00,0,0
102.11,0.00,0,0
102.11,0.00,0,0
102.11,0.00,0,0
102.11,0.00,0,0
102.11,0.00,0,0
102.11,0.00,0,0
102.11,0.00,0,0
102.10,0.00,0,0
102.10,0.00,0,0
102.10,0.00,0,0
102.10,0.00,0,0
102.10,0.00,0,0
102.10,0.00,0,0
102.10,0.00,0,0
102.10,0.00,0,0
102.10,0.00,0,0
102.10,0.00,0,0
102.10,0.00,0,0
102.10,0.00,0,0
102.10,0.00,0,0
102.10,0.00,0,0
102.10,0.00,0,0
102.10,0.00,0,0
102.09,0.00,0,0
102.09,0.00,0,0
102.09,0.00,0,0
102.09,0.00,0,0
102.09,0.00,0,0
102.09,0.00,0,0
102.08,0.00,0,0
102.08,0.00,0,0
102.08,0.00,0,0
102.08,0.00,0,0
102.08,0.00,0,0
102.08,0.00,0,0
102.08,0.00,0,0
102.08,0.00,0,0
102.07,0.00,0,0
102.07,0.00,0,0
102.07,0.00,0,0
102.07,0.00,0,0
102.06,0.00,0,0
102.06,0.00,0,0
102.06,0.00,0,0
102.06,0.00,0,0
102.06,0.00,0,0
102.06,0.00,0,0
102.06,0.00,0,0
102.06,0.00,0,0
102.05,0.00,0,0
102.05,0.00,0,0
102.05,0.00,0,0
102.05,0.00,0,0
102.04,0.00,0,0
102.04,0.00,0,0
102.04,0.00,0,0
102.04,0.00,0,0
102.04,0.00,0,0
102.04,0.00,0,0
102.04,0.00,0,0
102.03,0.00,0,0
102.03,0.00,0,0
102.03,0.00,0,0
102.03,0.00,0,0
102.03,0.00,0,0
102.03,0.00,0,0
102.03,0.00,0,0
102.03,0.00,0,0
102.03,0.00,0,0
102.03,0.00,0,0
102.03,0.00,0,0
102.03,0.00,0,0
102.02,0.00,0,0
102.02,0.00,0,0
102.02,0.00,0,0
102.02,0.00,0,0
102.02,0.00,0,0
102.02,0.00,0,0
102.02,0.00,0,0
102.02,0.00,0,0
102.01,0.00,0,0
102.01,0.00,0,0
102.01,0.00,0,0
102.01,0.00,0,0
102.01,0.00,0,0
102.01,0.00,0,0
102.01,0.00,0,0
102.00,0.00,0,0
102.00,0.00,0,0
102.00,0.00,0,0
102.00,0.00,0,0
102.00,0.00,0,0
102.00,0.00,0,0
102.00,0.00,0,0
102.00,0.00,0,0
102.00,0.00,0,0
102.00,0.00,0,0
102.00,0.00,0,0
102.00,0.00,0,0
101.99,0.00,0,0
101.99,0.00,0,0
101.99,0.00,0,0
101.99,0.00,0,0
101.99,0.00,0,0
101.99,0.00,0,0
101.99,0.00,0,0
101.99,0.00,0,0
101.99,0.00,0,0
101.99,0.00,0,0
101.99,0.00,0,0
101.99,0.00,0,0
101.98,0.00,0,0
101.98,0.00,0,0
101.98,0.00,0,0
101.98,0.00,0,0
101.98,0.00,0,0
101.98,0.00,0,0
101.98,0.00,0,0
101.97,0.00,0,0
101.97,0.00,0,0
101.97,0.00,0,0
101.97,0.00,0,0
101.97,0.00,0,0
101.97,0.00,0,0
101.97,0.00,0,0
101.97,0.00,0,0
101.97,0.00,0,0
101.97,0.00,0,0
101.97,0.00,0,0
101.97,0.00,0,0
101.96,0.00,0,0
101.96,0.00,0,0
101.96,0.00,0,0
101.96,0.00,0,0
101.96,0.00,0,0
101.96,0.00,0,0
101.96,0.00,0,0
101.96,0.00,0,0
101.96,0.00,0,0
101.96,0.00,0,0
101.96,0.00,0,0
101.96,0.00,0,0
101.95,0.00,0,0
101.95,0.00,0,0
101.95,0.00,0,0
101.95,0.00,0,0
101.95,0.00,0,0
101.95,0.00,0,0
101.95,0.00,0,0
101.94,0.00,0,0
101.94,0.00,0,0
101.94,0.00,0,0
101.94,0.00,0,0
101.94,0.00,0,0
101.94,0.00,0,0
101.94,0.00,0,0
101.94,0.00,0,0
101.94,0.00,0,0
101.94,0.00,0,0
101.94,0.00,0,0
101.94,0.00,0,0
101.93,0.00,0,0
101.93,0.00,0,0
101.93,0.00,0,0
101.93,0.00,0,0
101.94,0.00,0,0
101.94,0.00,0,0
101.94,0.00,0,0
101.94,0.00,0,0
101.93,0.00,0,0
101.93,0.00,0,0
101.93,0.00,0,0
101.93,0.00,0,0
101.93,0.00,0,0
101.93,0.00,0,0
101.93,0.00,0,0
101.93,0.00,0,0
101.93,0.00,0,0
101.93,0.00,0,0
101.93,0.00,0,0
101.93,0.00,0,0
101.93,0.00,0,0
101.93,0.00,0,0
101.93,0.00,0,0
101.94,0.00,0,0
101.94,0.00,0,0
101.94,0.00,0,0
101.94,0.00,0,0
101.93,0.00,0,0
101.93,0.00,0,0
101.93,0.00,0,0
101.93,0.00,0,0
101.94,0.00,0,0
101.94,0.00,0,0
101.94,0.00,0,0
101.94,0.00,0,0
101.94,0.00,0,0
101.94,0.00,0,0
101.94,0.00,0,0
101.94,0.00,0,0
101.95,0.00,0,0
101.95,0.00,0,0
101.95,0.00,0,0
101.95,0.00,0,0
101.95,0.00,0,0
101.95,0.00,0,0
101.95,0.00,0,0
101.95,0.00,0,0
101.95,0.00,0,0
101.95,0.00,0,0
101.95,0.00,0,0
101.96,0.00,0,0
101.96,0.00,0,0
101.96,0.00,0,0
101.96,0.00,0,0
101.96,0.00,0,0
101.96,0.00,0,0
101.96,0.00,0,0
101.96,0.00,0,0
101.97,0.00,0,0
101.97,0.00,0,0
101.97,0.00,0,0
101.97,0.00,0,0
101.97,0.00,0,0
101.97,0.00,0,0
101.97,0.00,0,0
101.97,0.00,0,0
101.98,0.00,0,0
101.98,0.00,0,0
101.98,0.00,0,0
101.98,0.00,0,0
101.99,0.00,0,0
101.99,0.00,0,0
101.99,0.00,0,0
101.99,0.00,0,0
101.99,0.00,0,0
101.99,0.00,0,0
101.99,0.00,0,0
101.99,0.00,0,0
101.99,0.00,0,0
101.99,0.00,0,0
101.99,0.00,0,0
102.00,0.00,0,0
102.00,0.00,0,0
102.00,0.00,0,0
102.00,0.00,0,0
102.01,0.00,0,0
102.01,0.00,0,0
102.01,0.00,0,0
102.01,0.00,0,0
102.01,0.00,0,0
102.01,0.00,0,0
102.01,0.00,0,0
102.01,0.00,0,0
102.01,0.00,0,0
102.01,0.00,0,0
102.01,0.00,0,0
102.01,0.00,0,0
102.02,0.00,0,0
102.02,0.00,0,0
102.02,0.00,0,0
102.02,0.00,0,0
102.02,0.00,0,0
102.02,0.00,0,0
102.02,0.00,0,0
102.03,0.00,0,0
102.03,0.00,0,0
102.03,0.00,0,0
102.03,0.00,0,0
102.03,0.00,0,0
102.03,0.00,0,0
102.03,0.00,0,0
102.03,0.00,0,0
102.03,0.00,0,0
102.03,0.00,0,0
102.03,0.00,0,0
102.03,0.00,0,0
102.03,0.00,0,0
102.03,0.00,0,0
102.03,0.00,0,0
102.04,0.00,0,0
102.04,0.00,0,0
102.04,0.00,0,0
102.04,0.00,0,0
102.04,0.00,0,0
102.04,0.00,0,0
102.04,0.00,0,0
102.04,0.00,0,0
102.04,0.00,0,0
102.04,0.00,0,0
102.04,0.00,0,0
102.04,0.00,0,0
102.04,0.00,0,0
102.04,0.00,0,0
102.04,0.00,0,0
102.04,0.00,0,0
102.04,0.00,0,0
102.04,0.00,0,0
102.04,0.00,0,0
102.04,0.00,0,0
102.04,0.00,0,0
102.04,0.00,0,0
102.04,0.00,0,0
102.04,0.00,0,0
102.04,0.00,0,0
102.04,0.00,0,0
102.04,0.00,0,0
102.04,0.00,0,0
102.04,0.00,0,0
102.04,0.00,0,0
102.04,0.00,0,0
102.05,0.00,0,0
102.05,0.00,0,0
102.05,0.00,0,0
102.05,0.00,0,0
102.05,0.00,0,0
102.05,0.00,0,0
102.05,0.00,0,0
102.05,0.00,0,0
102.05,0.00,0,0
102.05,0.00,0,0
102.05,0.00,0,0
102.05,0.00,0,0
102.05,0.00,0,0
102.05,0.00,0,0
102.05,0.00,0,0
102.05,0.00,0,0
102.05,0.00,0,0
102.05,0.00,0,0
102.05,0.00,0,0
102.04,0.00,0,0
102.04,0.00,0,0
102.04,0.00,0,0
102.04,0.00,0,0
102.04,0.00,0,0
102.04,0.00,0,0
102.04,0.00,0,0
102.04,0.00,0,0
102.04,0.00,0,0
102.04,0.00,0,0
102.04,0.00,0,0
102.04,0.00,0,0
102.04,0.00,0,0
102.04,0.00,0,0
102.04,0.00,0,0
102.04,0.00,0,0
102.03,0.00,0,0
102.03,0.00,0,0
102.03,0.00,0,0
102.03,0.00,0,0
102.04,0.00,0,0
102.04,0.00,0,0
102.04,0.00,0,0
102.04,0.00,0,0
102.03,0.00,0,0
102.03,0.00,0,0
102.03,0.00,0,0
102.03,0.00,0,0
102.03,0.00,0,0
102.03,0.00,0,0
102.03,0.00,0,0
102.03,0.00,0,0
102.03,0.00,0,0
102.03,0.00,0,0
102.03,0.00,0,0
102.03,0.00,0,0
102.03,0.00,0,0
102.03,0.00,0,0
102.03,0.00,0,0
102.03,0.00,0,0
102.03,0.00,0,0
102.03,0.00,0,0
102.03,0.00,0,0
102.02,0.00,0,0
102.02,0.00,0,0
102.02,0.00,0,0
102.02,0.00,0,0
102.02,0.00,0,0
102.02,0.00,0,0
102.02,0.00,0,0
102.02,0.00,0,0
102.01,0.00,0,0
102.01,0.00,0,0
102.01,0.00,0,0
102.02,0.00,0,0
102.02,0.00,0,0
102.02,0.00,0,0
102.02,0.00,0,0
102.02,0.00,0,0
102.02,0.00,0,0
102.02,0.00,0,0
102.02,0.00,0,0
102.01,0.00,0,0
102.01,0.00,0,0
102.01,0.00,0,0
102.01,0.00,0,0
102.01,0.00,0,0
102.01,0.00,0,0
102.01,0.00,0,0
102.01,0.00,0,0
102.00,0.00,0,0
102.00,0.00,0,0
102.00,0.00,0,0
102.00,0.00,0,0
102.01,0.00,0,0
102.01,0.00,0,0
102.01,0.00,0,0
102.01,0.00,0,0
102.00,0.00,0,0
102.00,0.00,0,0
102.00,0.00,0,0
102.00,0.00,0,0
101.99,0.00,0,0
101.99,0.00,0,0
101.99,0.00,0,0
101.98,0.00,0,0
101.98,0.00,0,0
101.98,0.00,0,0
101.98,0.00,0,0
101.98,0.00,0,0
101.98,0.00,0,0
101.98,0.00,0,0
101.98,0.00,0,0
101.97,0.00,0,0
101.97,0.00,0,0
101.97,0.00,0,0
101.97,0.00,0,0
101.97,0.00,0,0
101.97,0.00,0,0
101.97,0.00,0,0
101.97,0.00,0,0
101.97,0.00,0,0
101.97,0.00,0,0
101.97,0.00,0,0
101.97,0.00,0,0
101.96,0.00,0,0
101.96,0.00,0,0
101.96,0.00,0,0
101.96,0.00,0,0
101.95,0.00,0,0
101.95,0.00,0,0
101.95,0.00,0,0
101.95,0.00,0,0
101.94,0.00,0,0
101.94,0.00,0,0
101.94,0.00,0,0
101.94,0.00,0,0
101.94,0.00,0,0
101.94,0.00,0,0
101.94,0.00,0,0
101.93,0.00,0,0
101.93,0.00,0,0
101.93,0.00,0,0
101.93,0.00,0,0
101.93,0.00,0,0
101.93,0.00,0,0
101.93,0.00,0,0
101.93,0.00,0,0
101.92,0.00,0,0
101.92,0.00,0,0
101.92,0.00,0,0
101.92,0.00,0,0
101.92,0.00,0,0
101.92,0.00,0,0
101.92,0.00,0,0
101.92,0.00,0,0
101.91,0.00,0,0
101.91,0.00,0,0
101.91,0.00,0,0
101.91,0.00,0,0
101.90,0.00,0,0
101.90,0.00,0,0
101.90,0.00,0,0
101.90,0.00,0,0
101.90,0.00,0,0
101.90,0.00,0,0
101.90,0.00,0,0
101.89,0.00,0,0
101.89,0.00,0,0
101.89,0.00,0,0
101.89,0.00,0,0
101.89,0.00,0,0
101.89,0.00,0,0
101.89,0.00,0,0
101.89,0.00,0,0
101.88,0.00,0,0
101.88,0.00,0,0
101.88,0.00,0,0
101.88,0.00,0,0
101.88,0.00,0,0
101.88,0.00,0,0
101.88,0.00,0,0
101.88,0.00,0,0
101.88,0.00,0,0
101.88,0.00,0,0
101.88,0.00,0,0
101.88,0.00,0,0
101.87,0.00,0,0
101.87,0.00,0,0
101.87,0.00,0,0
101.87,0.00,0,0
101.86,0.00,0,0
101.86,0.00,0,0
101.86,0.00,0,0
101.86,0.00,0,0
101.86,0.00,0,0
101.85,0.00,0,0
101.85,0.00,0,0
101.85,0.00,0,0
101.85,0.00,0,0
101.85,0.00,0,0
101.85,0.00,0,0
101.84,0.00,0,0
101.84,0.00,0,0
101.84,0.00,0,0
101.84,0.00,0,0
101.84,0.00,0,0
101.84,0.00,0,0
101.84,0.00,0,0
101.84,0.00,0,0
101.83,0.00,0,0
101.83,0.00,0,0
101.83,0.00,0,0
101.83,0.00,0,0
101.83,0.00,0,0
101.83,0.00,0,0
101.83,0.00,0,0
101.83,0.00,0,0
101.82,0.00,0,0
101.82,0.00,0,0
101.82,0.00,0,0
101.82,0.00,0,0
101.82,0.00,0,0
101.82,0.00,0,0
101.82,0.00,0,0
101.81,0.00,0,0
101.81,0.00,0,0
101.81,0.00,0,0
101.81,0.00,0,0
101.81,0.00,0,0
101.81,0.00,0,0
101.81,0.00,0,0
101.81,0.00,0,0
101.81,0.00,0,0
101.81,0.00,0,0
101.81,0.00,0,0
101.81,0.00,0,0
101.81,0.00,0,0
101.81,0.00,0,0
101.81,0.00,0,0
101.80,0.00,0,0
101.80,0.00,0,0
101.80,0.00,0,0
101.80,0.00,0,0
101.80,0.00,0,0
101.80,0.00,0,0
101.80,0.00,0,0
101.80,0.00,0,0
101.80,0.00,0,0
101.80,0.00,0,0
101.80,0.00,0,0
101.80,0.00,0,0
101.80,0.00,0,0
101.80,0.00,0,0
101.80,0.00,0,0
101.81,0.00,0,0
101.81,0.00,0,0
101.81,0.00,0,0
101.81,0.00,0,0
101.80,0.00,0,0
101.80,0.00,0,0
101.80,0.00,0,0
101.80,0.00,0,0
101.82,0.00,0,0
101.82,0.00,0,0
101.82,0.00,0,0
101.82,0.00,0,0
101.82,0.00,0,0
101.82,0.00,0,0
101.82,0.00,0,0
101.82,0.00,0,0
101.83,0.00,0,0
101.83,0.00,0,0
101.83,0.00,0,0
101.83,0.00,0,0
101.83,0.00,0,0
101.83,0.00,0,0
101.83,0.00,0,0
101.83,0.00,0,0
101.84,0.00,0,0
101.84,0.00,0,0
101.84,0.00,0,0
101.84,0.00,0,0
101.85,0.00,0,0
101.85,0.00,0,0
101.85,0.00,0,0
101.85,0.00,0,0
101.85,0.00,0,0
101.85,0.00,0,0
101.85,0.00,0,0
101.86,0.00,0,0
101.86,0.00,0,0
101.86,0.00,0,0
101.86,0.00,0,0
101.88,0.00,0,0
101.88,0.00,0,0
101.88,0.00,0,0
101.88,0.00,0,0
101.88,0.00,0,0
101.88,0.00,0,0
101.88,0.00,0,0
101.88,0.00,0,0
101.89,0.00,0,0
101.89,0.00,0,0
101.89,0.00,0,0
101.89,0.00,0,0
101.90,0.00,0,0
101.90,0.00,0,0
101.90,0.00,0,0
101.90,0.00,0,0
101.90,0.00,0,0
101.90,0.00,0,0
101.90,0.00,0,0
101.90,0.00,0,0
101.91,0.00,0,0
101.91,0.00,0,0
101.91,0.00,0,0
101.92,0.00,0,0
101.92,0.00,0,0
101.92,0.00,0,0
101.92,0.00,0,0
101.92,0.00,0,0
101.92,0.00,0,0
101.92,0.00,0,0
101.92,0.00,0,0
101.93,0.00,0,0
101.93,0.00,0,0
101.93,0.00,0,0
101.93,0.00,0,0
101.94,0.00,0,0
101.94,0.00,0,0
101.94,0.00,0,0
101.94,0.00,0,0
101.94,0.00,0,0
101.94,0.00,0,0
101.94,0.00,0,0
101.94,0.00,0,0
101.94,0.00,0,0
101.94,0.00,0,0
101.94,0.00,0,0
101.94,0.00,0,0
101.95,0.00,0,0
101.95,0.00,0,0
101.95,0.00,0,0
101.95,0.00,0,0
101.95,0.00,0,0
101.95,0.00,0,0
101.95,0.00,0,0
101.96,0.00,0,0
101.96,0.00,0,0
101.96,0.00,0,0
101.96,0.00,0,0
101.96,0.00,0,0
101.96,0.00,0,0
101.96,0.00,0,0
101.96,0.00,0,0
101.96,0.00,0,0
101.96,0.00,0,0
101.96,0.00,0,0
101.96,0.00,0,0
101.97,0.00,0,0
101.97,0.00,0,0
101.97,0.00,0,0
101.97,0.00,0,0
101.97,0.00,0,0
101.97,0.00,0,0
101.97,0.00,0,0
101.97,0.00,0,0
101.98,0.00,0,0
101.98,0.00,0,0
101.98,0.00,0,0
101.98,0.00,0,0
101.98,0.00,0,0
101.98,0.00,0,0
101.98,0.00,0,0
101.98,0.00,0,0
101.98,0.00,0,0
101.98,0.00,0,0
101.98,0.00,0,0
101.98,0.00,0,0
101.98,0.00,0,0
101.98,0.00,0,0
101.98,0.00,0,0
101.99,0.00,0,0
101.99,0.00,0,0
101.99,0.00,0,0
101.99,0.00,0,0
101.99,0.00,0,0
101.99,0.00,0,0
101.99,0.00,0,0
101.99,0.00,0,0
101.99,0.00,0,0
101.99,0.00,0,0
101.99,0.00,0,0
101.99,0.00,0,0
102.00,0.00,0,0
102.00,0.00,0,0
102.00,0.00,0,0
102.00,0.00,0,0
102.00,0.00,0,0
102.00,0.00,0,0
102.00,0.00,0,0
102.00,0.00,0,0
102.00,0.00,0,0
102.00,0.00,0,0
102.00,0.00,0,0
102.00,0.00,0,0
102.00,0.00,0,0
102.00,0.00,0,0
102.00,0.00,0,0
102.00,0.00,0,0
102.00,0.00,0,0
102.00,0.00,0,0
102.00,0.00,0,0
102.00,0.00,0,0
102.00,0.00,0,0
102.00,0.00,0,0
102.00,0.00,0,0
102.00,0.00,0,0
102.00,0.00,0,0
102.00,0.00,0,0
102.00,0.00,0,0
102.01,0.00,0,0
102.01,0.00,0,0
102.01,0.00,0,0
102.01,0.00,0,0
102.01,0.00,0,0
102.01,0.00,0,0
102.01,0.00,0,0
102.01,0.00,0,0
102.01,0.00,0,0
102.01,0.00,0,0
102.01,0.00,0,0
102.01,0.00,0,0
102.01,0.00,0,0
102.01,0.00,0,0
102.01,0.00,0,0
102.01,0.00,0,0
102.01,0.00,0,0
102.01,0.00,0,0
102.01,0.00,0,0
102.01,0.00,0,0
102.01,0.00,0,0
102.01,0.00,0,0
102.01,0.00,0,0
102.01,0.00,0,0
102.01,0.00,0,0
102.01,0.00,0,0
102.01,0.00,0,0
102.01,0.00,0,0
102.01,0.00,0,0
102.01,0.00,0,0
102.01,0.00,0,0
102.01,0.00,0,0
102.01,0.00,0,0
102.01,0.00,0,0
102.01,0.00,0,0
102.01,0.00,0,0
102.01,0.00,0,0
102.01,0.00,0,0
102.01,0.00,0,0
102.01,0.00,0,0
102.01,0.00,0,0
102.01,0.00,0,0
102.00,0.00,0,0
102.00,0.00,0,0
102.00,0.00,0,0
102.00,0.00,0,0
102.00,0.00,0,0
102.00,0.00,0,0
102.00,0.00,0,0
102.01,0.00,0,0
102.01,0.00,0,0
102.01,0.00,0,0
102.01,0.00,0,0
102.00,0.00,0,0
102.00,0.00,0,0
102.00,0.00,0,0
102.00,0.00,0,0
102.00,0.00,0,0
102.00,0.00,0,0
102.00,0.00,0,0
102.00,0.00,0,0
101.99,0.00,0,0
101.99,0.00,0,0
101.99,0.00,0,0
101.99,0.00,0,0
101.99,0.00,0,0
101.99,0.00,0,0
101.99,0.00,0,0
101.99,0.00,0,0
101.99,0.00,0,0
101.99,0.00,0,0
101.99,0.00,0,0
101.99,0.00,0,0
101.98,0.00,0,0
101.98,0.00,0,0
101.98,0.00,0,0
101.97,0.00,0,0
101.97,0.00,0,0
101.97,0.00,0,0
101.97,0.00,0,0
101.97,0.00,0,0
101.97,0.00,0,0
101.97,0.00,0,0
101.97,0.00,0,0
101.96,0.00,0,0
101.96,0.00,0,0
101.96,0.00,0,0
101.96,0.00,0,0
101.95,0.00,0,0
101.95,0.00,0,0
101.95,0.00,0,0
101.95,0.00,0,0
101.94,0.00,0,0
101.94,0.00,0,0
101.94,0.00,0,0
101.94,0.00,0,0
101.94,0.00,0,0
101.94,0.00,0,0
101.94,0.00,0,0
101.94,0.00,0,0
101.93,0.00,0,0
101.93,0.00,0,0
101.93,0.00,0,0
101.93,0.00,0,0
101.92,0.00,0,0
101.92,0.00,0,0
101.92,0.00,0,0
101.91,0.00,0,0
101.91,0.00,0,0
101.91,0.00,0,0
101.91,0.00,0,0
101.91,0.00,0,0
101.91,0.00,0,0
101.91,0.00,0,0
101.91,0.00,0,0
101.90,0.00,0,0
101.90,0.00,0,0
101.90,0.00,0,0
101.90,0.00,0,0
101.90,0.00,0,0
101.90,0.00,0,0
101.90,0.00,0,0
101.90,0.00,0,0
101.88,0.00,0,0
101.88,0.00,0,0
101.88,0.00,0,0
101.88,0.00,0,0
101.89,0.00,0,0
101.89,0.00,0,0
101.89,0.00,0,0
101.89,0.00,0,0
101.88,0.00,0,0
101.88,0.00,0,0
101.88,0.00,0,0
101.87,0.00,0,0
101.87,0.00,0,0
101.87,0.00,0,0
101.87,0.00,0,0
101.87,0.00,0,0
101.87,0.00,0,0
101.87,0.00,0,0
101.87,0.00,0,0
101.86,0.00,0,0
101.86,0.00,0,0
101.86,0.00,0,0
101.86,0.00,0,0
101.86,0.00,0,0
101.86,0.00,0,0
101.86,0.00,0,0
101.86,0.00,0,0
101.85,0.00,0,0
101.85,0.00,0,0
101.85,0.00,0,0
101.85,0.00,0,0
101.85,0.00,0,0
101.85,0.00,0,0
101.85,0.00,0,0
101.85,0.00,0,0
101.84,0.00,0,0
101.84,0.00,0,0
101.84,0.00,0,0
101.84,0.00,0,0
101.84,0.00,0,0
101.84,0.00,0,0
101.84,0.00,0,0
101.84,0.00,0,0
101.84,0.00,0,0
101.84,0.00,0,0
101.84,0.00,0,0
101.82,0.00,0,0
101.82,0.00,0,0
101.82,0.00,0,0
101.82,0.00,0,0
101.82,0.00,0,0
101.82,0.00,0,0
101.82,0.00,0,0
101.82,0.00,0,0
101.82,0.00,0,0
101.82,0.00,0,0
101.82,0.00,0,0
101.82,0.00,0,0
101.82,0.00,0,0
101.82,0.00,0,0
101.82,0.00,0,0
101.82,0.00,0,0
101.81,0.00,0,0
101.81,0.00,0,0
101.81,0.00,0,0
101.81,0.00,0,0
101.81,0.00,0,0
101.81,0.00,0,0
101.81,0.00,0,0
101.81,0.00,0,0
101.81,0.00,0,0
101.81,0.00,0,0
101.81,0.00,0,0
101.80,0.00,0,0
101.80,0.00,0,0
101.80,0.00,0,0
101.80,0.00,0,0
101.80,0.00,0,0
101.80,0.00,0,0
101.80,0.00,0,0
101.80,0.00,0,0
101.79,0.00,0,0
101.79,0.00,0,0
101.79,0.00,0,0
101.79,0.00,0,0
101.79,0.00,0,0
101.79,0.00,0,0
101.79,0.00,0,0
101.79,0.00,0,0
101.79,0.00,0,0
101.79,0.00,0,0
101.79,0.00,0,0
101.79,0.00,0,0
101.79,0.00,0,0
101.79,0.00,0,0
101.79,0.00,0,0
101.79,0.00,0,0
101.79,0.00,0,0
101.79,0.00,0,0
101.79,0.00,0,0
101.79,0.00,0,0
101.79,0.00,0,0
101.79,0.00,0,0
101.79,0.00,0,0
101.78,0.00,0,0
101.78,0.00,0,0
101.78,0.00,0,0
101.78,0.00,0,0
101.78,0.00,0,0
101.78,0.00,0,0
101.78,0.00,0,0
101.78,0.00,0,0
101.79,0.00,0,0
101.79,0.00,0,0
101.79,0.00,0,0
101.79,0.00,0,0
101.79,0.00,0,0
101.79,0.00,0,0
101.79,0.00,0,0
101.79,0.00,0,0
101.79,0.00,0,0
101.79,0.00,0,0
101.79,0.00,0,0
101.79,0.00,0,0
101.80,0.00,0,0
101.80,0.00,0,0
101.80,0.00,0,0
101.80,0.00,0,0
101.80,0.00,0,0
101.80,0.00,0,0
101.80,0.00,0,0
101.80,0.00,0,0
101.80,0.00,0,0
101.80,0.00,0,0
101.81,0.00,0,0
101.81,0.00,0,0
101.81,0.00,0,0
101.81,0.00,0,0
101.81,0.00,0,0
101.81,0.00,0,0
101.81,0.00,0,0
101.81,0.00,0,0
101.81,0.00,0,0
101.81,0.00,0,0
101.81,0.00,0,0
101.82,0.00,0,0
101.82,0.00,0,0
101.82,0.00,0,0
101.82,0.00,0,0
101.82,0.00,0,0
101.82,0.00,0,0
101.82,0.00,0,0
101.82,0.00,0,0
101.82,0.00,0,0
101.82,0.00,0,0
101.82,0.00,0,0
101.82,0.00,0,0
101.83,0.00,0,0
101.83,0.00,0,0
101.83,0.00,0,0
101.83,0.00,0,0
101.83,0.00,0,0
101.83,0.00,0,0
101.83,0.00,0,0
101.83,0.00,0,0
101.83,0.00,0,0
101.83,0.00,0,0
101.83,0.00,0,0
101.83,0.00,0,0
101.83,0.00,0,0
101.83,0.00,0,0
101.84,0.00,0,0
101.84,0.00,0,0
101.84,0.00,0,0
101.84,0.00,0,0
101.84,0.00,0,0
101.84,0.00,0,0
101.84,0.00,0,0
101.84,0.00,0,0
101.85,0.00,0,0
101.85,0.00,0,0
101.85,0.00,0,0
101.85,0.00,0,0
101.85,0.00,0,0
101.85,0.00,0,0
101.85,0.00,0,0
101.85,0.00,0,0
101.85,0.00,0,0
101.85,0.00,0,0
101.85,0.00,0,0
101.85,0.00,0,0
101.86,0.00,0,0
101.86,0.00,0,0
101.86,0.00,0,0
101.87,0.00,0,0
101.87,0.00,0,0
101.87,0.00,0,0
101.87,0.00,0,0
101.88,0.00,0,0
101.88,0.00,0,0
101.88,0.00,0,0
101.88,0.00,0,0
101.88,0.00,0,0
101.88,0.00,0,0
101.88,0.00,0,0
101.88,0.00,0,0
101.89,0.00,0,0
101.89,0.00,0,0
101.89,0.00,0,0
101.89,0.00,0,0
101.89,0.00,0,0
101.89,0.00,0,0
101.89,0.00,0,0
101.89,0.00,0,0
101.89,0.00,0,0
101.89,0.00,0,0
101.89,0.00,0,0
101.89,0.00,0,0
101.90,0.00,0,0
101.90,0.00,0,0
101.90,0.00,0,0
101.90,0.00,0,0
101.91,0.00,0,0
101.91,0.00,0,0
101.91,0.00,0,0
101.91,0.00,0,0
101.91,0.00,0,0
101.91,0.00,0,0
101.91,0.00,0,0
101.92,0.00,0,0
101.92,0.00,0,0
101.92,0.00,0,0
101.92,0.00,0,0
101.92,0.00,0,0
101.92,0.00,0,0
101.92,0.00,0,0
101.92,0.00,0,0
101.92,0.00,0,0
101.92,0.00,0,0
101.92,0.00,0,0
101.92,0.00,0,0
101.92,0.00,0,0
101.92,0.00,0,0
101.92,0.00,0,0
101.92,0.00,0,0
101.93,0.00,0,0
101.93,0.00,0,0
101.93,0.00,0,0
101.93,0.00,0,0
101.93,0.00,0,0
101.93,0.00,0,0
101.93,0.00,0,0
101.94,0.00,0,0
101.94,0.00,0,0
101.94,0.00,0,0
101.94,0.00,0,0
101.94,0.00,0,0
101.94,0.00,0,0
101.94,0.00,0,0
101.94,0.00,0,0
101.94,0.00,0,0
101.94,0.00,0,0
101.94,0.00,0,0
101.94,0.00,0,0
101.95,0.00,0,0
101.95,0.00,0,0
101.95,0.00,0,0
101.95,0.00,0,0
101.95,0.00,0,0
101.95,0.00,0,0
101.95,0.00,0,0
101.95,0.00,0,0
101.95,0.00,0,0
101.95,0.00,0,0
101.95,0.00,0,0
101.95,0.00,0,0
101.95,0.00,0,0
101.95,0.00,0,0
101.95,0.00,0,0
101.95,0.00,0,0
101.96,0.00,0,0
101.96,0.00,0,0
101.96,0.00,0,0
101.96,0.00,0,0
101.96,0.00,0,0
101.96,0.00,0,0
101.96,0.00,0,0
101.96,0.00,0,0
101.96,0.00,0,0
101.96,0.00,0,0
101.96,0.00,0,0
101.96,0.00,0,0
101.96,0.00,0,0
101.96,0.00,0,0
101.96,0.00,0,0
101.96,0.00,0,0
101.96,0.00,0,0
101.96,0.00,0,0
101.96,0.00,0,0
101.96,0.00,0,0
101.96,0.00,0,0
101.96,0.00,0,0
101.96,0.00,0,0
101.97,0.00,0,0
101.97,0.00,0,0
101.97,0.00,0,0
101.97,0.00,0,0
101.96,0.00,0,0
101.96,0.00,0,0
101.96,0.00,0,0
101.96,0.00,0,0
101.97,0.00,0,0
101.97,0.00,0,0
101.97,0.00,0,0
101.97,0.00,0,0
101.97,0.00,0,0
101.97,0.00,0,0
101.97,0.00,0,0
101.97,0.00,0,0
101.97,0.00,0,0
101.97,0.00,0,0
101.97,0.00,0,0
101.97,0.00,0,0
101.97,0.00,0,0
101.97,0.00,0,0
101.97,0.00,0,0
101.97,0.00,0,0
101.97,0.00,0,0
101.97,0.00,0,0
101.97,0.00,0,0
101.97,0.00,0,0
101.97,0.00,0,0
101.97,0.00,0,0
101.97,0.00,0,0
101.97,0.00,0,0
101.97,0.00,0,0
101.97,0.00,0,0
101.97,0.00,0,0
101.97,0.00,0,0
101.97,0.00,0,0
101.97,0.00,0,0
101.97,0.00,0,0
101.97,0.00,0,0
101.97,0.00,0,0
101.97,0.00,0,0
101.97,0.00,0,0
101.97,0.00,0,0
101.97,0.00,0,0
101.97,0.00,0,0
101.97,0.00,0,0
101.97,0.00,0,0
101.97,0.00,0,0
101.97,0.00,0,0
101.97,0.00,0,0
101.97,0.00,0,0
101.97,0.00,0,0
101.97,0.00,0,0
101.97,0.00,0,0
101.97,0.00,0,0
101.97,0.00,0,0
101.97,0.00,0,0
101.97,0.00,0,0
101.97,0.00,0,0
101.97,0.00,0,0
101.97,0.00,0,0
101.97,0.00,0,0
101.97,0.00,0,0
101.97,0.00,0,0
101.97,0.00,0,0
101.96,0.00,0,0
101.96,0.00,0,0
101.96,0.00,0,0
101.96,0.00,0,0
101.96,0.00,0,0
101.96,0.00,0,0
101.96,0.00,0,0
101.96,0.00,0,0
101.96,0.00,0,0
101.96,0.00,0,0
101.95,0.00,0,0
101.95,0.00,0,0
101.95,0.00,0,0
101.95,0.00,0,0
101.95,0.00,0,0
101.95,0.00,0,0
101.95,0.00,0,0
101.95,0.00,0,0
101.94,0.00,0,0
101.94,0.00,0,0
101.94,0.00,0,0
101.94,0.00,0,0
101.93,0.00,0,0
101.93,0.00,0,0
101.93,0.00,0,0
101.93,0.00,0,0
101.93,0.00,0,0
101.93,0.00,0,0
101.93,0.00,0,0
101.93,0.00,0,0
101.92,0.00,0,0
101.92,0.00,0,0
101.92,0.00,0,0
101.92,0.00,0,0
101.91,0.00,0,0
101.91,0.00,0,0
101.91,0.00,0,0
101.91,0.00,0,0
101.91,0.00,0,0
101.91,0.00,0,0
101.91,0.00,0,0
101.90,0.00,0,0
101.90,0.00,0,0
101.90,0.00,0,0
101.90,0.00,0,0
101.89,0.00,0,0
101.89,0.00,0,0
101.89,0.00,0,0
101.89,0.00,0,0
101.88,0.00,0,0
101.88,0.00,0,0
101.88,0.00,0,0
101.88,0.00,0,0
101.88,0.00,0,0
101.88,0.00,0,0
101.88,0.00,0,0
101.88,0.00,0,0
101.87,0.00,0,0
101.87,0.00,0,0
101.87,0.00,0,0
101.87,0.00,0,0
101.87,0.00,0,0
101.87,0.00,0,0
101.87,0.00,0,0
101.85,0.00,0,0
101.85,0.00,0,0
101.85,0.00,0,0
101.85,0.00,0,0
101.85,0.00,0,0
101.85,0.00,0,0
101.85,0.00,0,0
101.85,0.00,0,0
101.84,0.00,0,0
101.84,0.00,0,0
101.84,0.00,0,0
101.84,0.00,0,0
101.84,0.00,0,0
101.84,0.00,0,0
101.84,0.00,0,0
101.84,0.00,0,0
101.84,0.00,0,0
101.84,0.00,0,0
101.84,0.00,0,0
101.84,0.00,0,0
101.83,0.00,0,0
101.83,0.00,0,0
101.83,0.00,0,0
101.83,0.00,0,0
101.83,0.00,0,0
101.83,0.00,0,0
101.83,0.00,0,0
101.83,0.00,0,0
101.82,0.00,0,0
101.82,0.00,0,0
101.82,0.00,0,0
101.82,0.00,0,0
101.82,0.00,0,0
101.82,0.00,0,0
101.82,0.00,0,0
101.81,0.00,0,0
101.81,0.00,0,0
101.81,0.00,0,0
101.81,0.00,0,0
101.80,0.00,0,0
101.80,0.00,0,0
101.80,0.00,0,0
101.80,0.00,0,0
101.80,0.00,0,0
101.80,0.00,0,0
101.80,0.00,0,0
101.80,0.00,0,0
101.79,0.00,0,0
101.79,0.00,0,0
101.79,0.00,0,0
101.79,0.00,0,0
101.79,0.00,0,0
101.79,0.00,0,0
101.79,0.00,0,0
101.79,0.00,0,0
101.78,0.00,0,0
101.78,0.00,0,0
101.78,0.00,0,0
101.78,0.00,0,0
101.78,0.00,0,0
101.78,0.00,0,0
101.78,0.00,0,0
101.77,0.00,0,0
101.77,0.00,0,0
101.77,0.00,0,0
101.77,0.00,0,0
101.76,0.00,0,0
101.76,0.00,0,0
101.76,0.00,0,0
101.76,0.00,0,0
101.76,0.00,0,0
101.76,0.00,0,0
101.76,0.00,0,0
101.76,0.00,0,0
101.75,0.00,0,0
101.75,0.00,0,0
101.75,0.00,0,0
101.75,0.00,0,0
101.74,0.00,0,0
101.74,0.00,0,0
101.74,0.00,0,0
101.74,0.00,0,0
101.75,0.00,0,0
101.75,0.00,0,0
101.75,0.00,0,0
101.75,0.00,0,0
101.74,0.00,0,0
101.74,0.00,0,0
101.74,0.00,0,0
101.74,0.00,0,0
101.73,0.00,0,0
101.73,0.00,0,0
101.73,0.00,0,0
101.73,0.00,0,0
101.73,0.00,0,0
101.73,0.00,0,0
101.73,0.00,0,0
101.73,0.00,0,0
101.73,0.00,0,0
101.73,0.00,0,0
101.73,0.00,0,0
101.72,0.00,0,0
101.72,0.00,0,0
101.72,0.00,0,0
101.72,0.00,0,0
101.72,0.00,0,0
101.72,0.00,0,0
101.72,0.00,0,0
101.72,0.00,0,0
101.72,0.00,0,0
101.72,0.00,0,0
101.72,0.00,0,0
101.72,0.00,0,0
101.72,0.00,0,0
101.72,0.00,0,0
101.72,0.00,0,0
101.72,0.00,0,0
101.73,0.00,0,0
101.73,0.00,0,0
101.73,0.00,0,0
101.73,0.00,0,0
101.73,0.00,0,0
101.73,0.00,0,0
101.73,0.00,0,0
101.73,0.00,0,0
101.73,0.00,0,0
101.73,0.00,0,0
101.73,0.00,0,0
101.74,0.00,0,0
101.74,0.00,0,0
101.74,0.00,0,0
101.74,0.00,0,0
101.74,0.00,0,0
101.74,0.00,0,0
101.74,0.00,0,0
101.74,0.00,0,0
101.75,0.00,0,0
101.75,0.00,0,0
101.75,0.00,0,0
101.75,0.00,0,0
101.75,0.00,0,0
101.75,0.00,0,0
101.75,0.00,0,0
101.75,0.00,0,0
101.75,0.00,0,0
101.75,0.00,0,0
101.75,0.00,0,0
101.75,0.00,0,0
101.76,0.00,0,0
101.76,0.00,0,0
101.76,0.00,0,0
101.77,0.00,0,0
101.77,0.00,0,0
101.77,0.00,0,0
101.77,0.00,0,0
101.77,0.00,0,0
101.77,0.00,0,0
101.77,0.00,0,0
101.77,0.00,0,0
101.78,0.00,0,0
101.78,0.00,0,0
101.78,0.00,0,0
101.78,0.00,0,0
101.79,0.00,0,0
101.79,0.00,0,0
101.79,0.00,0,0
101.79,0.00,0,0
101.79,0.00,0,0
101.79,0.00,0,0
101.79,0.00,0,0
101.79,0.00,0,0
101.80,0.00,0,0
101.80,0.00,0,0
101.80,0.00,0,0
101.80,0.00,0,0
101.81,0.00,0,0
101.81,0.00,0,0
101.81,0.00,0,0
101.81,0.00,0,0
101.81,0.00,0,0
101.81,0.00,0,0
101.83,0.00,0,0
101.83,0.00,0,0
101.83,0.00,0,0
101.83,0.00,0,0
101.83,0.00,0,0
101.83,0.00,0,0
101.83,0.00,0,0
101.83,0.00,0,0
101.83,0.00,0,0
101.83,0.00,0,0
101.83,0.00,0,0
101.83,0.00,0,0
101.84,0.00,0,0
101.84,0.00,0,0
101.84,0.00,0,0
101.84,0.00,0,0
101.84,0.00,0,0
101.84,0.00,0,0
101.84,0.00,0,0
101.84,0.00,0,0
101.85,0.00,0,0
101.85,0.00,0,0
101.85,0.00,0,0
101.85,0.00,0,0
101.86,0.00,0,0
101.86,0.00,0,0
101.86,0.00,0,0
101.86,0.00,0,0
101.86,0.00,0,0
101.86,0.00,0,0
101.86,0.00,0,0
101.86,0.00,0,0
101.86,0.00,0,0
101.86,0.00,0,0
101.86,0.00,0,0
101.87,0.00,0,0
101.87,0.00,0,0
101.87,0.00,0,0
101.87,0.00,0,0
101.87,0.00,0,0
101.87,0.00,0,0
101.87,0.00,0,0
101.87,0.00,0,0
101.87,0.00,0,0
101.87,0.00,0,0
101.87,0.00,0,0
101.87,0.00,0,0
101.88,0.00,0,0
101.88,0.00,0,0
101.88,0.00,0,0
101.88,0.00,0,0
101.88,0.00,0,0
101.88,0.00,0,0
101.88,0.00,0,0
101.88,0.00,0,0
101.88,0.00,0,0
101.88,0.00,0,0
101.88,0.00,0,0
101.88,0.00,0,0
101.89,0.00,0,0
101.89,0.00,0,0
101.89,0.00,0,0
101.89,0.00,0,0
101.89,0.00,0,0
101.89,0.00,0,0
101.89,0.00,0,0
101.89,0.00,0,0
101.89,0.00,0,0
101.89,0.00,0,0
101.89,0.00,0,0
101.89,0.00,0,0
101.89,0.00,0,0
101.89,0.00,0,0
101.89,0.00,0,0
101.89,0.00,0,0
101.89,0.00,0,0
101.89,0.00,0,0
101.89,0.00,0,0
101.90,0.00,0,0
101.90,0.00,0,0
101.90,0.00,0,0
101.90,0.00,0,0
101.90,0.00,0,0
101.90,0.00,0,0
101.90,0.00,0,0
101.90,0.00,0,0
101.90,0.00,0,0
101.90,0.00,0,0
101.90,0.00,0,0
101.90,0.00,0,0
101.91,0.00,0,0
101.91,0.00,0,0
101.91,0.00,0,0
101.91,0.00,0,0
101.91,0.00,0,0
101.91,0.00,0,0
101.91,0.00,0,0
101.91,0.00,0,0
101.91,0.00,0,0
101.91,0.00,0,0
101.91,0.00,0,0
101.91,0.00,0,0
101.91,0.00,0,0
101.91,0.00,0,0
101.91,0.00,0,0
101.91,0.00,0,0
101.91,0.00,0,0
101.91,0.00,0,0
101.91,0.00,0,0
101.91,0.00,0,0
101.91,0.00,0,0
101.91,0.00,0,0
101.91,0.00,0,0
101.91,0.00,0,0
101.91,0.00,0,0
101.91,0.00,0,0
101.91,0.00,0,0
101.92,0.00,0,0
101.92,0.00,0,0
101.92,0.00,0,0
101.91,0.00,0,0
101.91,0.00,0,0
101.91,0.00,0,0
101.91,0.00,0,0
101.92,0.00,0,0
101.92,0.00,0,0
101.92,0.00,0,0
101.92,0.00,0,0
101.92,0.00,0,0
101.92,0.00,0,0
101.92,0.00,0,0
101.92,0.00,0,0
101.92,0.00,0,0
101.92,0.00,0,0
101.92,0.00,0,0
101.92,0.00,0,0
101.92,0.00,0,0
101.92,0.00,0,0
101.92,0.00,0,0
101.92,0.00,0,0
101.92,0.00,0,0
101.92,0.00,0,0
101.92,0.00,0,0
101.92,0.00,0,0
101.92,0.00,0,0
101.92,0.00,0,0
101.92,0.00,0,0
101.92,0.00,0,0
101.92,0.00,0,0
101.92,0.00,0,0
101.92,0.00,0,0
101.92,0.00,0,0
101.92,0.00,0,0
101.92,0.00,0,0
101.92,0.00,0,0
101.92,0.00,0,0
101.92,0.00,0,0
101.92,0.00,0,0
101.92,0.00,0,0
101.92,0.00,0,0
101.92,0.00,0,0
101.92,0.00,0,0
101.92,0.00,0,0
101.92,0.00,0,0
101.92,0.00,0,0
101.92,0.00,0,0
101.92,0.00,0,0
101.92,0.00,0,0
101.92,0.00,0,0
101.92,0.00,0,0
101.92,0.00,0,0
101.92,0.00,0,0
101.92,0.00,0,0
101.92,0.00,0,0
101.92,0.00,0,0
101.92,0.00,0,0
101.92,0.00,0,0
101.92,0.00,0,0
101.92,0.00,0,0
101.91,0.00,0,0
101.91,0.00,0,0
101.91,0.00,0,0
101.91,0.00,0,0
101.91,0.00,0,0
101.91,0.00,0,0
101.91,0.00,0,0
101.91,0.00,0,0
101.91,0.00,0,0
101.91,0.00,0,0
101.91,0.00,0,0
101.90,0.00,0,0
101.90,0.00,0,0
101.90,0.00,0,0
101.90,0.00,0,0
101.90,0.00,0,0
101.90,0.00,0,0
101.90,0.00,0,0
101.90,0.00,0,0
101.89,0.00,0,0
101.89,0.00,0,0
101.89,0.00,0,0
101.89,0.00,0,0
101.88,0.00,0,0
101.88,0.00,0,0
101.88,0.00,0,0
101.88,0.00,0,0
101.88,0.00,0,0
101.88,0.00,0,0
101.88,0.00,0,0
101.88,0.00,0,0
101.87,0.00,0,0
101.87,0.00,0,0
101.87,0.00,0,0
101.86,0.00,0,0
101.86,0.00,0,0
101.86,0.00,0,0
101.86,0.00,0,0
101.85,0.00,0,0
101.85,0.00,0,0
101.85,0.00,0,0
101.85,0.00,0,0
101.85,0.00,0,0
101.85,0.00,0,0
101.85,0.00,0,0
101.85,0.00,0,0
101.84,0.00,0,0
101.84,0.00,0,0
101.84,0.00,0,0
101.84,0.00,0,0
101.83,0.00,0,0
101.83,0.00,0,0
101.83,0.00,0,0
101.83,0.00,0,0
101.83,0.00,0,0
101.83,0.00,0,0
101.83,0.00,0,0
101.83,0.00,0,0
101.82,0.00,0,0
101.82,0.00,0,0
101.82,0.00,0,0
101.82,0.00,0,0
101.81,0.00,0,0
101.81,0.00,0,0
101.80,0.00,0,0
101.80,0.00,0,0
101.80,0.00,0,0
101.80,0.00,0,0
101.80,0.00,0,0
101.80,0.00,0,0
101.80,0.00,0,0
101.80,0.00,0,0
101.79,0.00,0,0
101.79,0.00,0,0
101.79,0.00,0,0
101.79,0.00,0,0
101.79,0.00,0,0
101.79,0.00,0,0
101.79,0.00,0,0
101.79,0.00,0,0
101.78,0.00,0,0
101.78,0.00,0,0
101.78,0.00,0,0
101.78,0.00,0,0
101.78,0.00,0,0
101.78,0.00,0,0
101.78,0.00,0,0
101.78,0.00,0,0
101.77,0.00,0,0
101.77,0.00,0,0
101.77,0.00,0,0
101.77,0.00,0,0
101.77,0.00,0,0
101.77,0.00,0,0
101.77,0.00,0,0
101.77,0.00,0,0
101.77,0.00,0,0
101.77,0.00,0,0
101.77,0.00,0,0
101.76,0.00,0,0
101.76,0.00,0,0
101.76,0.00,0,0
101.76,0.00,0,0
101.76,0.00,0,0
101.76,0.00,0,0
101.76,0.00,0,0
101.76,0.00,0,0
101.75,0.00,0,0
101.75,0.00,0,0
101.75,0.00,0,0
101.75,0.00,0,0
101.75,0.00,0,0
101.75,0.00,0,0
101.75,0.00,0,0
101.75,0.00,0,0
101.74,0.00,0,0
101.74,0.00,0,0
101.74,0.00,0,0
101.74,0.00,0,0
101.74,0.00,0,0
101.74,0.00,0,0
101.74,0.00,0,0
101.74,0.00,0,0
101.74,0.00,0,0
101.74,0.00,0,0
101.74,0.00,0,0
101.74,0.00,0,0
101.74,0.00,0,0
101.74,0.00,0,0
101.74,0.00,0,0
101.73,0.00,0,0
101.73,0.00,0,0
101.73,0.00,0,0
101.73,0.00,0,0
101.73,0.00,0,0
101.73,0.00,0,0
101.73,0.00,0,0
101.73,0.00,0,0
101.73,0.00,0,0
101.73,0.00,0,0
101.73,0.00,0,0
101.73,0.00,0,0
101.73,0.00,0,0
101.73,0.00,0,0
101.73,0.00,0,0
101.73,0.00,0,0
101.74,0.00,0,0
101.74,0.00,0,0
101.74,0.00,0,0
101.74,0.00,0,0
101.75,0.00,0,0
101.75,0.00,0,0
101.75,0.00,0,0
101.75,0.00,0,0
101.75,0.00,0,0
101.75,0.00,0,0
101.75,0.00,0,0
101.75,0.00,0,0
101.75,0.00,0,0
101.75,0.00,0,0
101.75,0.00,0,0
101.76,0.00,0,0
101.76,0.00,0,0
101.76,0.00,0,0
101.76,0.00,0,0
101.76,0.00,0,0
101.76,0.00,0,0
101.76,0.00,0,0
101.76,0.00,0,0
101.76,0.00,0,0
101.76,0.00,0,0
101.76,0.00,0,0
101.76,0.00,0,0
101.77,0.00,0,0
101.77,0.00,0,0
101.77,0.00,0,0
101.77,0.00,0,0
101.77,0.00,0,0
101.77,0.00,0,0
101.77,0.00,0,0
101.77,0.00,0,0
101.77,0.00,0,0
101.77,0.00,0,0
101.77,0.00,0,0
101.78,0.00,0,0
101.78,0.00,0,0
101.78,0.00,0,0
101.78,0.00,0,0
101.78,0.00,0,0
101.78,0.00,0,0
101.78,0.00,0,0
101.78,0.00,0,0
101.79,0.00,0,0
101.79,0.00,0,0
101.79,0.00,0,0
101.79,0.00,0,0
101.79,0.00,0,0
101.79,0.00,0,0
101.79,0.00,0,0
101.79,0.00,0,0
101.80,0.00,0,0
101.80,0.00,0,0
101.80,0.00,0,0
101.80,0.00,0,0
101.80,0.00,0,0
101.80,0.00,0,0
101.80,0.00,0,0
101.80,0.00,0,0
101.81,0.00,0,0
101.81,0.00,0,0
101.81,0.00,0,0
101.81,0.00,0,0
101.82,0.00,0,0
101.82,0.00,0,0
101.82,0.00,0,0
101.81,0.00,0,0
101.81,0.00,0,0
101.81,0.00,0,0
101.81,0.00,0,0
101.82,0.00,0,0
101.82,0.00,0,0
101.82,0.00,0,0
101.82,0.00,0,0
101.83,0.00,0,0
101.83,0.00,0,0
101.83,0.00,0,0
101.83,0.00,0,0
101.83,0.00,0,0
101.83,0.00,0,0
101.83,0.00,0,0
101.83,0.00,0,0
101.84,0.00,0,0
101.84,0.00,0,0
101.84,0.00,0,0
101.84,0.00,0,0
101.84,0.00,0,0
101.84,0.00,0,0
101.84,0.00,0,0
101.84,0.00,0,0
101.85,0.00,0,0
101.85,0.00,0,0
101.85,0.00,0,0
101.85,0.00,0,0
101.85,0.00,0,0
101.85,0.00,0,0
101.85,0.00,0,0
101.85,0.00,0,0
101.85,0.00,0,0
101.85,0.00,0,0
101.85,0.00,0,0
101.86,0.00,0,0
101.86,0.00,0,0
101.86,0.00,0,0
101.86,0.00,0,0
101.86,0.00,0,0
101.86,0.00,0,0
101.86,0.00,0,0
101.86,0.00,0,0
101.86,0.00,0,0
101.86,0.00,0,0
101.86,0.00,0,0
101.86,0.00,0,0
101.87,0.00,0,0
101.87,0.00,0,0
101.87,0.00,0,0
101.87,0.00,0,0
101.87,0.00,0,0
101.87,0.00,0,0
101.87,0.00,0,0
101.87,0.00,0,0
101.87,0.00,0,0
101.87,0.00,0,0
101.87,0.00,0,0
101.88,0.00,0,0
101.88,0.00,0,0
101.88,0.00,0,0
101.88,0.00,0,0
101.88,0.00,0,0
101.88,0.00,0,0
101.88,0.00,0,0
101.88,0.00,0,0
101.88,0.00,0,0
101.88,0.00,0,0
101.88,0.00,0,0
101.88,0.00,0,0
101.88,0.00,0,0
101.88,0.00,0,0
101.88,0.00,0,0
101.88,0.00,0,0
101.88,0.00,0,0
101.88,0.00,0,0
101.88,0.00,0,0
101.88,0.00,0,0
101.89,0.00,0,0
101.89,0.00,0,0
101.89,0.00,0,0
101.89,0.00,0,0
101.89,0.00,0,0
101.89,0.00,0,0
101.89,0.00,0,0
101.89,0.00,0,0
101.89,0.00,0,0
101.89,0.00,0,0
101.90,0.00,0,0
101.90,0.00,0,0
101.90,0.00,0,0
101.90,0.00,0,0
101.89,0.00,0,0
101.89,0.00,0,0
101.89,0.00,0,0
101.89,0.00,0,0
101.90,0.00,0,0
101.90,0.00,0,0
101.90,0.00,0,0
101.90,0.00,0,0
101.90,0.00,0,0
101.90,0.00,0,0
101.90,0.00,0,0
101.90,0.00,0,0
101.90,0.00,0,0
101.90,0.00,0,0
101.90,0.00,0,0
101.90,0.00,0,0
101.90,0.00,0,0
101.90,0.00,0,0
101.90,0.00,0,0
101.90,0.00,0,0
101.90,0.00,0,0
101.90,0.00,0,0
101.90,0.00,0,0
101.90,0.00,0,0
101.90,0.00,0,0
101.90,0.00,0,0
101.90,0.00,0,0
101.90,0.00,0,0
101.90,0.00,0,0
101.90,0.00,0,0
101.90,0.00,0,0
101.90,0.00,0,0
101.90,0.00,0,0
101.90,0.00,0,0
101.90,0.00,0,0
101.90,0.00,0,0
101.90,0.00,0,0
101.90,0.00,0,0
101.90,0.00,0,0
101.90,0.00,0,0
101.90,0.00,0,0
101.90,0.00,0,0
101.91,0.00,0,0
101.91,0.00,0,0
101.91,0.00,0,0
101.91,0.00,0,0
101.91,0.00,0,0
101.91,0.00,0,0
101.91,0.00,0,0
101.91,0.00,0,0
101.91,0.00,0,0
101.91,0.00,0,0
101.91,0.00,0,0
101.91,0.00,0,0
101.90,0.00,0,0
101.90,0.00,0,0
101.90,0.00,0,0
101.91,0.00,0,0
101.91,0.00,0,0
101.91,0.00,0,0
101.91,0.00,0,0
101.90,0.00,0,0
101.90,0.00,0,0
101.90,0.00,0,0
101.90,0.00,0,0
101.91,0.00,0,0
101.91,0.00,0,0
101.91,0.00,0,0
101.91,0.00,0,0
101.91,0.00,0,0
101.91,0.00,0,0
101.91,0.00,0,0
101.91,0.00,0,0
101.91,0.00,0,0
101.91,0.00,0,0
101.91,0.00,0,0
101.91,0.00,0,0
101.91,0.00,0,0
101.91,0.00,0,0
101.91,0.00,0,0
101.91,0.00,0,0
101.90,0.00,0,0
101.90,0.00,0,0
101.90,0.00,0,0
101.90,0.00,0,0
101.90,0.00,0,0
101.90,0.00,0,0
101.90,0.00,0,0
101.90,0.00,0,0
101.90,0.00,0,0
101.90,0.00,0,0
101.90,0.00,0,0
101.90,0.00,0,0
101.90,0.00,0,0
101.90,0.00,0,0
101.90,0.00,0,0
101.89,0.00,0,0
101.89,0.00,0,0
101.89,0.00,0,0
101.89,0.00,0,0
101.89,0.00,0,0
101.89,0.00,0,0
101.89,0.00,0,0
101.89,0.00,0,0
101.89,0.00,0,0
101.89,0.00,0,0
101.89,0.00,0,0
101.89,0.00,0,0
101.88,0.00,0,0
101.88,0.00,0,0
101.88,0.00,0,0
101.88,0.00,0,0
101.88,0.00,0,0
101.88,0.00,0,0
101.88,0.00,0,0
101.88,0.00,0,0
101.88,0.00,0,0
101.88,0.00,0,0
101.88,0.00,0,0
101.87,0.00,0,0
101.87,0.00,0,0
101.87,0.00,0,0
101.87,0.00,0,0
101.87,0.00,0,0
101.87,0.00,0,0
101.87,0.00,0,0
101.87,0.00,0,0
101.86,0.00,0,0
101.86,0.00,0,0
101.86,0.00,0,0
101.86,0.00,0,0
101.86,0.00,0,0
101.86,0.00,0,0
101.86,0.00,0,0
101.86,0.00,0,0
101.85,0.00,0,0
101.85,0.00,0,0
101.85,0.00,0,0
101.85,0.00,0,0
101.85,0.00,0,0
101.85,0.00,0,0
101.85,0.00,0,0
101.85,0.00,0,0
101.83,0.00,0,0
101.83,0.00,0,0
101.83,0.00,0,0
101.83,0.00,0,0
101.83,0.00,0,0
101.83,0.00,0,0
101.83,0.00,0,0
101.82,0.00,0,0
101.82,0.00,0,0
101.82,0.00,0,0
101.82,0.00,0,0
101.82,0.00,0,0
101.82,0.00,0,0
101.82,0.00,0,0
101.82,0.00,0,0
101.81,0.00,0,0
101.81,0.00,0,0
101.81,0.00,0,0
101.81,0.00,0,0
101.81,0.00,0,0
101.81,0.00,0,0
101.81,0.00,0,0
101.81,0.00,0,0
101.80,0.00,0,0
101.80,0.00,0,0
101.80,0.00,0,0
101.80,0.00,0,0
101.79,0.00,0,0
101.79,0.00,0,0
101.79,0.00,0,0
101.79,0.00,0,0
101.79,0.00,0,0
101.79,0.00,0,0
101.79,0.00,0,0
101.79,0.00,0,0
101.79,0.00,0,0
101.79,0.00,0,0
101.79,0.00,0,0
101.78,0.00,0,0
101.78,0.00,0,0
101.78,0.00,0,0
101.78,0.00,0,0
101.78,0.00,0,0
101.78,0.00,0,0
101.78,0.00,0,0
101.78,0.00,0,0
101.76,0.00,0,0
101.76,0.00,0,0
101.76,0.00,0,0
101.76,0.00,0,0
101.76,0.00,0,0
101.76,0.00,0,0
101.76,0.00,0,0
101.76,0.00,0,0
101.75,0.00,0,0
101.75,0.00,0,0
101.75,0.00,0,0
101.75,0.00,0,0
101.75,0.00,0,0
101.75,0.00,0,0
101.75,0.00,0,0
101.75,0.00,0,0
101.75,0.00,0,0
101.75,0.00,0,0
101.75,0.00,0,0
101.74,0.00,0,0
101.74,0.00,0,0
101.74,0.00,0,0
101.74,0.00,0,0
101.74,0.00,0,0
101.74,0.00,0,0
101.74,0.00,0,0
101.74,0.00,0,0
101.73,0.00,0,0
101.73,0.00,0,0
101.73,0.00,0,0
101.73,0.00,0,0
101.73,0.00,0,0
101.73,0.00,0,0
101.73,0.00,0,0
101.73,0.00,0,0
101.72,0.00,0,0
101.72,0.00,0,0
101.72,0.00,0,0
101.72,0.00,0,0
101.72,0.00,0,0
101.72,0.00,0,0
101.72,0.00,0,0
101.72,0.00,0,0
101.72,0.00,0,0
101.72,0.00,0,0
101.72,0.00,0,0
101.72,0.00,0,0
101.71,0.00,0,0
101.71,0.00,0,0
101.71,0.00,0,0
101.70,0.00,0,0
101.70,0.00,0,0
101.70,0.00,0,0
101.70,0.00,0,0
101.70,0.00,0,0
101.70,0.00,0,0
101.70,0.00,0,0
101.70,0.00,0,0
101.70,0.00,0,0
101.70,0.00,0,0
101.70,0.00,0,0
101.70,0.00,0,0
101.70,0.00,0,0
101.70,0.00,0,0
101.70,0.00,0,0
101.70,0.00,0,0
101.70,0.00,0,0
101.70,0.00,0,0
101.70,0.00,0,0
101.70,0.00,0,0
101.69,0.00,0,0
101.69,0.00,0,0
101.69,0.00,0,0
101.69,0.00,0,0
101.69,0.00,0,0
101.69,0.00,0,0
101.69,0.00,0,0
101.69,0.00,0,0
101.69,0.00,0,0
101.69,0.00,0,0
101.69,0.00,0,0
101.69,0.00,0,0
101.69,0.00,0,0
101.69,0.00,0,0
101.69,0.00,0,0
101.69,0.00,0,0
101.69,0.00,0,0
101.69,0.00,0,0
101.69,0.00,0,0
101.69,0.00,0,0
101.69,0.00,0,0
101.69,0.00,0,0
101.69,0.00,0,0
101.69,0.00,0,0
101.69,0.00,0,0
101.69,0.00,0,0
101.69,0.00,0,0
101.70,0.00,0,0
101.70,0.00,0,0
101.70,0.00,0,0
101.70,0.00,0,0
101.70,0.00,0,0
101.70,0.00,0,0
101.70,0.00,0,0
101.70,0.00,0,0
101.71,0.00,0,0
101.71,0.00,0,0
101.71,0.00,0,0
101.71,0.00,0,0
101.71,0.00,0,0
101.71,0.00,0,0
101.71,0.00,0,0
101.71,0.00,0,0
101.71,0.00,0,0
101.71,0.00,0,0
101.71,0.00,0,0
101.71,0.00,0,0
101.71,0.00,0,0
101.71,0.00,0,0
101.71,0.00,0,0
101.72,0.00,0,0
101.72,0.00,0,0
101.72,0.00,0,0
101.72,0.00,0,0
101.72,0.00,0,0
101.72,0.00,0,0
101.72,0.00,0,0
101.72,0.00,0,0
101.72,0.00,0,0
101.72,0.00,0,0
101.72,0.00,0,0
101.72,0.00,0,0
101.73,0.00,0,0
101.73,0.00,0,0
101.73,0.00,0,0
101.73,0.00,0,0
101.73,0.00,0,0
101.73,0.00,0,0
101.73,0.00,0,0
101.74,0.00,0,0
101.74,0.00,0,0
101.74,0.00,0,0
101.74,0.00,0,0
101.74,0.00,0,0
101.74,0.00,0,0
101.74,0.00,0,0
101.74,0.00,0,0
101.75,0.00,0,0
101.75,0.00,0,0
101.75,0.00,0,0
101.75,0.00,0,0
101.75,0.00,0,0
101.75,0.00,0,0
101.75,0.00,0,0
101.75,0.00,0,0
101.76,0.00,0,0
101.76,0.00,0,0
101.76,0.00,0,0
101.76,0.00,0,0
101.76,0.00,0,0
101.76,0.00,0,0
101.76,0.00,0,0
101.76,0.00,0,0
101.77,0.00,0,0
101.77,0.00,0,0
101.77,0.00,0,0
101.77,0.00,0,0
101.78,0.00,0,0
101.78,0.00,0,0
101.78,0.00,0,0
101.78,0.00,0,0
101.78,0.00,0,0
101.78,0.00,0,0
101.78,0.00,0,0
101.78,0.00,0,0
101.78,0.00,0,0
101.78,0.00,0,0
101.78,0.00,0,0
101.79,0.00,0,0
101.79,0.00,0,0
101.79,0.00,0,0
101.79,0.00,0,0
101.80,0.00,0,0
101.80,0.00,0,0
101.80,0.00,0,0
101.80,0.00,0,0
101.80,0.00,0,0
101.80,0.00,0,0
101.80,0.00,0,0
101.80,0.00,0,0
101.80,0.00,0,0
101.80,0.00,0,0
101.80,0.00,0,0
101.80,0.00,0,0
101.80,0.00,0,0
101.80,0.00,0,0
101.80,0.00,0,0
101.80,0.00,0,0
101.81,0.00,0,0
101.81,0.00,0,0
101.81,0.00,0,0
101.81,0.00,0,0
101.81,0.00,0,0
101.81,0.00,0,0
101.81,0.00,0,0
101.81,0.00,0,0
101.81,0.00,0,0
101.81,0.00,0,0
101.81,0.00,0,0
101.82,0.00,0,0
101.82,0.00,0,0
101.82,0.00,0,0
101.82,0.00,0,0
101.82,0.00,0,0
101.82,0.00,0,0
101.82,0.00,0,0
101.82,0.00,0,0
101.82,0.00,0,0
101.82,0.00,0,0
101.82,0.00,0,0
101.82,0.00,0,0
101.82,0.00,0,0
101.82,0.00,0,0
101.82,0.00,0,0
101.82,0.00,0,0
101.83,0.00,0,0
101.83,0.00,0,0
101.83,0.00,0,0
101.83,0.00,0,0
101.83,0.00,0,0
101.83,0.00,0,0
101.83,0.00,0,0
101.83,0.00,0,0
101.83,0.00,0,0
101.83,0.00,0,0
101.83,0.00,0,0
101.84,0.00,0,0
101.84,0.00,0,0
101.84,0.00,0,0
101.84,0.00,0,0
101.84,0.00,0,0
101.84,0.00,0,0
101.84,0.00,0,0
101.84,0.00,0,0
101.84,0.00,0,0
101.84,0.00,0,0
101.84,0.00,0,0
101.84,0.00,0,0
101.84,0.00,0,0
101.84,0.00,0,0
101.84,0.00,0,0
101.84,0.00,0,0
101.84,0.00,0,0
101.84,0.00,0,0
101.84,0.00,0,0
101.84,0.00,0,0
101.84,0.00,0,0
101.84,0.00,0,0
101.84,0.00,0,0
101.84,0.00,0,0
101.84,0.00,0,0
101.84,0.00,0,0
101.84,0.00,0,0
101.84,0.00,0,0
101.84,0.00,0,0
101.84,0.00,0,0
101.84,0.00,0,0
101.85,0.00,0,0
101.85,0.00,0,0
101.85,0.00,0,0
101.85,0.00,0,0
101.85,0.00,0,0
101.85,0.00,0,0
101.85,0.00,0,0
101.85,0.00,0,0
101.85,0.00,0,0
101.85,0.00,0,0
101.85,0.00,0,0
101.85,0.00,0,0
101.85,0.00,0,0
101.85,0.00,0,0
101.85,0.00,0,0
101.85,0.00,0,0
101.85,0.00,0,0
101.85,0.00,0,0
101.85,0.00,0,0
101.85,0.00,0,0
101.85,0.00,0,0
101.85,0.00,0,0
101.85,0.00,0,0
101.85,0.00,0,0
101.85,0.00,0,0
101.85,0.00,0,0
101.86,0.00,0,0
101.86,0.00,0,0
101.86,0.00,0,0
101.86,0.00,0,0
101.86,0.00,0,0
101.86,0.00,0,0
101.86,0.00,0,0
101.86,0.00,0,0
101.85,0.00,0,0
101.85,0.00,0,0
101.85,0.00,0,0
101.85,0.00,0,0
101.86,0.00,0,0
101.86,0.00,0,0
101.86,0.00,0,0
101.86,0.00,0,0
101.86,0.00,0,0
101.86,0.00,0,0
101.86,0.00,0,0
101.86,0.00,0,0
101.85,0.00,0,0
101.85,0.00,0,0
101.85,0.00,0,0
101.85,0.00,0,0
101.86,0.00,0,0
101.86,0.00,0,0
101.86,0.00,0,0
101.85,0.00,0,0
101.85,0.00,0,0
101.85,0.00,0,0
101.85,0.00,0,0
101.85,0.00,0,0
101.85,0.00,0,0
101.85,0.00,0,0
101.85,0.00,0,0
101.85,0.00,0,0
101.85,0.00,0,0
101.85,0.00,0,0
101.85,0.00,0,0
101.85,0.00,0,0
101.85,0.00,0,0
101.85,0.00,0,0
101.85,0.00,0,0
101.85,0.00,0,0
101.85,0.00,0,0
101.85,0.00,0,0
101.85,0.00,0,0
101.85,0.00,0,0
101.85,0.00,0,0
101.85,0.00,0,0
101.85,0.00,0,0
101.85,0.00,0,0
101.85,0.00,0,0
101.85,0.00,0,0
101.85,0.00,0,0
101.84,0.00,0,0
101.84,0.00,0,0
101.84,0.00,0,0
101.84,0.00,0,0
101.84,0.00,0,0
101.84,0.00,0,0
101.84,0.00,0,0
101.84,0.00,0,0
101.84,0.00,0,0
101.84,0.00,0,0
101.83,0.00,0,0
101.83,0.00,0,0
101.83,0.00,0,0
101.83,0.00,0,0
101.82,0.00,0,0
101.82,0.00,0,0
101.82,0.00,0,0
101.82,0.00,0,0
101.82,0.00,0,0
101.82,0.00,0,0
101.82,0.00,0,0
101.82,0.00,0,0
101.81,0.00,0,0
101.81,0.00,0,0
101.81,0.00,0,0
101.81,0.00,0,0
101.80,0.00,0,0
101.80,0.00,0,0
101.80,0.00,0,0
101.80,0.00,0,0
101.80,0.00,0,0
101.80,0.00,0,0
101.80,0.00,0,0
101.78,0.00,0,0
101.78,0.00,0,0
101.78,0.00,0,0
101.78,0.00,0,0
101.78,0.00,0,0
101.78,0.00,0,0
101.78,0.00,0,0
101.78,0.00,0,0
101.77,0.00,0,0
101.77,0.00,0,0
101.77,0.00,0,0
101.77,0.00,0,0
101.76,0.00,0,0
101.76,0.00,0,0
101.76,0.00,0,0
101.76,0.00,0,0
101.76,0.00,0,0
101.76,0.00,0,0
101.76,0.00,0,0
101.76,0.00,0,0
101.75,0.00,0,0
101.75,0.00,0,0
101.75,0.00,0,0
101.75,0.00,0,0
101.74,0.00,0,0
101.74,0.00,0,0
101.74,0.00,0,0
101.74,0.00,0,0
101.73,0.00,0,0
101.73,0.00,0,0
101.73,0.00,0,0
101.72,0.00,0,0
101.72,0.00,0,0
101.72,0.00,0,0
101.72,0.00,0,0
101.72,0.00,0,0
101.72,0.00,0,0
101.72,0.00,0,0
101.72,0.00,0,0
101.71,0.00,0,0
101.71,0.00,0,0
101.71,0.00,0,0
101.71,0.00,0,0
101.70,0.00,0,0
101.70,0.00,0,0
101.70,0.00,0,0
101.70,0.00,0,0
101.70,0.00,0,0
101.70,0.00,0,0
101.70,0.00,0,0
101.70,0.00,0,0
101.68,0.00,0,0
101.68,0.00,0,0
101.68,0.00,0,0
101.68,0.00,0,0
101.68,0.00,0,0
101.68,0.00,0,0
101.68,0.00,0,0
101.67,0.00,0,0
101.67,0.00,0,0
101.67,0.00,0,0
101.67,0.00,0,0
101.66,0.00,0,0
101.66,0.00,0,0
101.66,0.00,0,0
101.66,0.00,0,0
101.64,0.00,0,0
101.64,0.00,0,0
101.64,0.00,0,0
101.64,0.00,0,0
101.63,0.00,0,0
101.63,0.00,0,0
101.63,0.00,0,0
101.63,0.00,0,0
101.62,0.00,0,0
101.62,0.00,0,0
101.62,0.00,0,0
101.62,0.00,0,0
101.61,0.00,0,0
101.61,0.00,0,0
101.61,0.00,0,0
101.61,0.00,0,0
101.61,0.00,0,0
101.61,0.00,0,0
101.61,0.00,0,0
101.61,0.00,0,0
101.59,0.00,0,0
101.59,0.00,0,0
101.59,0.00,0,0
101.59,0.00,0,0
101.59,0.00,0,0
101.59,0.00,0,0
101.59,0.00,0,0
101.58,0.00,0,0
101.58,0.00,0,0
101.58,0.00,0,0
101.58,0.00,0,0
101.57,0.00,0,0
101.57,0.00,0,0
101.57,0.00,0,0
101.57,0.00,0,0
101.57,0.00,0,0
101.57,0.00,0,0
101.57,0.00,0,0
101.57,0.00,0,0
101.56,0.00,0,0
101.56,0.00,0,0
101.56,0.00,0,0
101.56,0.00,0,0
101.56,0.00,0,0
101.56,0.00,0,0
101.56,0.00,0,0
101.56,0.00,0,0
101.56,0.00,0,0
101.56,0.00,0,0
101.56,0.00,0,0
101.56,0.00,0,0
101.55,0.00,0,0
101.55,0.00,0,0
101.55,0.00,0,0
101.55,0.00,0,0
101.55,0.00,0,0
101.55,0.00,0,0
101.55,0.00,0,0
101.55,0.00,0,0
101.55,0.00,0,0
101.55,0.00,0,0
101.55,0.00,0,0
101.55,0.00,0,0
101.55,0.00,0,0
101.55,0.00,0,0
101.55,0.00,0,0
101.55,0.00,0,0
101.55,0.00,0,0
101.55,0.00,0,0
101.55,0.00,0,0
101.56,0.00,0,0
101.56,0.00,0,0
101.56,0.00,0,0
101.56,0.00,0,0
101.56,0.00,0,0
101.56,0.00,0,0
101.56,0.00,0,0
101.56,0.00,0,0
101.57,0.00,0,0
101.57,0.00,0,0
101.57,0.00,0,0
101.57,0.00,0,0
101.57,0.00,0,0
101.58,0.00,0,0
101.59,0.00,0,0
101.59,0.00,0,0
101.59,0.00,0,0
101.59,0.00,0,0
101.59,0.00,0,0
101.59,0.00,0,0
101.59,0.00,0,0
101.59,0.00,0,0
101.59,0.00,0,0
101.59,0.00,0,0
101.59,0.00,0,0
101.59,0.00,0,0
101.60,0.00,0,0
101.60,0.00,0,0
101.60,0.00,0,0
101.60,0.00,0,0
101.61,0.00,0,0
101.61,0.00,0,0
101.61,0.00,0,0
101.61,0.00,0,0
101.61,0.00,0,0
101.61,0.00,0,0
101.61,0.00,0,0
101.61,0.00,0,0
101.62,0.00,0,0
101.62,0.00,0,0
101.62,0.00,0,0
101.62,0.00,0,0
101.62,0.00,0,0
101.62,0.00,0,0
101.62,0.00,0,0
101.63,0.00,0,0
101.63,0.00,0,0
101.63,0.00,0,0
101.63,0.00,0,0
101.63,0.00,0,0
101.63,0.00,0,0
101.63,0.00,0,0
101.63,0.00,0,0
101.64,0.00,0,0
101.64,0.00,0,0
101.64,0.00,0,0
101.64,0.00,0,0
101.65,0.00,0,0
101.65,0.00,0,0
101.65,0.00,0,0
101.65,0.00,0,0
101.65,0.00,0,0
101.65,0.00,0,0
101.65,0.00,0,0
101.65,0.00,0,0
101.66,0.00,0,0
101.66,0.00,0,0
101.66,0.00,0,0
101.66,0.00,0,0
101.67,0.00,0,0
101.67,0.00,0,0
101.67,0.00,0,0
101.67,0.00,0,0
101.67,0.00,0,0
101.67,0.00,0,0
101.67,0.00,0,0
101.68,0.00,0,0
101.68,0.00,0,0
101.68,0.00,0,0
101.68,0.00,0,0
101.68,0.00,0,0
101.68,0.00,0,0
101.68,0.00,0,0
101.68,0.00,0,0
101.69,0.00,0,0
101.69,0.00,0,0
101.69,0.00,0,0
101.69,0.00,0,0
101.69,0.00,0,0
101.69,0.00,0,0
101.69,0.00,0,0
101.69,0.00,0,0
101.70,0.00,0,0
101.70,0.00,0,0
101.70,0.00,0,0
101.70,0.00,0,0
101.70,0.00,0,0
101.70,0.00,0,0
101.70,0.00,0,0
101.70,0.00,0,0
101.71,0.00,0,0
101.71,0.00,0,0
101.71,0.00,0,0
101.71,0.00,0,0
101.71,0.00,0,0
101.71,0.00,0,0
101.71,0.00,0,0
101.71,0.00,0,0
101.71,0.00,0,0
101.71,0.00,0,0
101.71,0.00,0,0
101.72,0.00,0,0
101.72,0.00,0,0
101.72,0.00,0,0
101.72,0.00,0,0
101.73,0.00,0,0
101.73,0.00,0,0
101.73,0.00,0,0
101.73,0.00,0,0
101.72,0.00,0,0
101.72,0.00,0,0
101.72,0.00,0,0
101.72,0.00,0,0
101.73,0.00,0,0
101.73,0.00,0,0
101.73,0.00,0,0
101.73,0.00,0,0
101.73,0.00,0,0
101.73,0.00,0,0
101.73,0.00,0,0
101.73,0.00,0,0
101.74,0.00,0,0
101.74,0.00,0,0
101.74,0.00,0,0
101.74,0.00,0,0
101.74,0.00,0,0
101.74,0.00,0,0
101.74,0.00,0,0
101.75,0.00,0,0
101.75,0.00,0,0
101.75,0.00,0,0
101.75,0.00,0,0
101.75,0.00,0,0
101.75,0.00,0,0
101.75,0.00,0,0
101.75,0.00,0,0
101.75,0.00,0,0
101.75,0.00,0,0
101.75,0.00,0,0
101.75,0.00,0,0
101.75,0.00,0,0
101.75,0.00,0,0
101.75,0.00,0,0
101.75,0.00,0,0
101.76,0.00,0,0
101.76,0.00,0,0
101.76,0.00,0,0
101.76,0.00,0,0
101.75,0.00,0,0
101.75,0.00,0,0
101.75,0.00,0,0
101.75,0.00,0,0
101.76,0.00,0,0
101.76,0.00,0,0
101.76,0.00,0,0
101.76,0.00,0,0
101.76,0.00,0,0
101.76,0.00,0,0
101.76,0.00,0,0
101.76,0.00,0,0
101.76,0.00,0,0
101.76,0.00,0,0
101.76,0.00,0,0
101.76,0.00,0,0
101.76,0.00,0,0
101.76,0.00,0,0
101.76,0.00,0,0
101.76,0.00,0,0
101.76,0.00,0,0
101.76,0.00,0,0
101.76,0.00,0,0
101.77,0.00,0,0
101.77,0.00,0,0
101.77,0.00,0,0
101.77,0.00,0,0
101.77,0.00,0,0
101.77,0.00,0,0
101.77,0.00,0,0
101.77,0.00,0,0
101.77,0.00,0,0
101.77,0.00,0,0
101.77,0.00,0,0
101.77,0.00,0,0
101.78,0.00,0,0
101.78,0.00,0,0
101.78,0.00,0,0
101.77,0.00,0,0
101.77,0.00,0,0
101.77,0.00,0,0
101.77,0.00,0,0
101.78,0.00,0,0
101.78,0.00,0,0
101.78,0.00,0,0
101.78,0.00,0,0
101.77,0.00,0,0
101.77,0.00,0,0
101.77,0.00,0,0
101.77,0.00,0,0
101.78,0.00,0,0
101.78,0.00,0,0
101.78,0.00,0,0
101.78,0.00,0,0
101.78,0.00,0,0
101.78,0.00,0,0
101.78,0.00,0,0
101.78,0.00,0,0
101.78,0.00,0,0
101.78,0.00,0,0
101.78,0.00,0,0
101.78,0.00,0,0
101.78,0.00,0,0
101.78,0.00,0,0
101.78,0.00,0,0
101.78,0.00,0,0
101.78,0.00,0,0
101.78,0.00,0,0
101.78,0.00,0,0
101.78,0.00,0,0
101.78,0.00,0,0
101.78,0.00,0,0
101.78,0.00,0,0
101.78,0.00,0,0
101.78,0.00,0,0
101.78,0.00,0,0
101.78,0.00,0,0
101.78,0.00,0,0
101.78,0.00,0,0
101.78,0.00,0,0
101.78,0.00,0,0
101.79,0.00,0,0
101.79,0.00,0,0
101.79,0.00,0,0
101.79,0.00,0,0
101.79,0.00,0,0
101.79,0.00,0,0
101.79,0.00,0,0
101.79,0.00,0,0
101.78,0.00,0,0
101.78,0.00,0,0
101.78,0.00,0,0
101.78,0.00,0,0
101.79,0.00,0,0
101.79,0.00,0,0
101.79,0.00,0,0
101.79,0.00,0,0
101.79,0.00,0,0
101.79,0.00,0,0
101.79,0.00,0,0
101.79,0.00,0,0
101.79,0.00,0,0
101.79,0.00,0,0
101.79,0.00,0,0
101.79,0.00,0,0
101.79,0.00,0,0
101.79,0.00,0,0
101.79,0.00,0,0
101.79,0.00,0,0
101.79,0.00,0,0
101.79,0.00,0,0
101.79,0.00,0,0
101.79,0.00,0,0
101.79,0.00,0,0
101.79,0.00,0,0
101.79,0.00,0,0
101.79,0.00,0,0
101.79,0.00,0,0
101.79,0.00,0,0
101.79,0.00,0,0
101.79,0.00,0,0
101.79,0.00,0,0
101.79,0.00,0,0
101.79,0.00,0,0
101.79,0.00,0,0
101.79,0.00,0,0
101.79,0.00,0,0
101.79,0.00,0,0
101.79,0.00,0,0
101.79,0.00,0,0
101.79,0.00,0,0
101.79,0.00,0,0
101.79,0.00,0,0
101.79,0.00,0,0
101.79,0.00,0,0
101.79,0.00,0,0
101.79,0.00,0,0
101.79,0.00,0,0
101.79,0.00,0,0
101.79,0.00,0,0
101.79,0.00,0,0
101.79,0.00,0,0
101.79,0.00,0,0
101.79,0.00,0,0
101.79,0.00,0,0
101.79,0.00,0,0
101.79,0.00,0,0
101.79,0.00,0,0
101.79,0.00,0,0
101.79,0.00,0,0
101.79,0.00,0,0
101.79,0.00,0,0
101.79,0.00,0,0
101.79,0.00,0,0
101.79,0.00,0,0
101.79,0.00,0,0
101.79,0.00,0,0
101.79,0.00,0,0
101.79,0.00,0,0
101.79,0.00,0,0
101.79,0.00,0,0
101.79,0.00,0,0
101.79,0.00,0,0
101.79,0.00,0,0
101.79,0.00,0,0
101.79,0.00,0,0
101.79,0.00,0,0
101.79,0.00,0,0
101.79,0.00,0,0
101.78,0.00,0,0
101.78,0.00,0,0
101.78,0.00,0,0
101.78,0.00,0,0
101.79,0.00,0,0
101.79,0.00,0,0
101.79,0.00,0,0
101.79,0.00,0,0
101.78,0.00,0,0
101.78,0.00,0,0
101.78,0.00,0,0
101.78,0.00,0,0
101.78,0.00,0,0
101.78,0.00,0,0
101.78,0.00,0,0
101.78,0.00,0,0
101.77,0.00,0,0
101.77,0.00,0,0
101.77,0.00,0,0
101.77,0.00,0,0
101.77,0.00,0,0
101.77,0.00,0,0
101.77,0.00,0,0
101.76,0.00,0,0
101.76,0.00,0,0
101.76,0.00,0,0
101.76,0.00,0,0
101.75,0.00,0,0
101.75,0.00,0,0
101.75,0.00,0,0
101.75,0.00,0,0
101.74,0.00,0,0
101.74,0.00,0,0
101.74,0.00,0,0
101.74,0.00,0,0
101.74,0.00,0,0
101.74,0.00,0,0
101.74,0.00,0,0
101.74,0.00,0,0
101.73,0.00,0,0
101.73,0.00,0,0
101.73,0.00,0,0
101.73,0.00,0,0
101.72,0.00,0,0
101.72,0.00,0,0
101.72,0.00,0,0
101.72,0.00,0,0
101.72,0.00,0,0
101.72,0.00,0,0
101.70,0.00,0,0
101.70,0.00,0,0
101.70,0.00,0,0
101.70,0.00,0,0
101.70,0.00,0,0
101.70,0.00,0,0
101.70,0.00,0,0
101.70,0.00,0,0
101.69,0.00,0,0
101.69,0.00,0,0
101.69,0.00,0,0
101.69,0.00,0,0
101.68,0.00,0,0
101.68,0.00,0,0
101.68,0.00,0,0
101.68,0.00,0,0
101.68,0.00,0,0
101.68,0.00,0,0
101.68,0.00,0,0
101.68,0.00,0,0
101.67,0.00,0,0
101.67,0.00,0,0
101.67,0.00,0,0
101.67,0.00,0,0
101.66,0.00,0,0
101.66,0.00,0,0
101.66,0.00,0,0
101.66,0.00,0,0
101.66,0.00,0,0
101.66,0.00,0,0
101.66,0.00,0,0
101.65,0.00,0,0
101.65,0.00,0,0
101.65,0.00,0,0
101.65,0.00,0,0
101.65,0.00,0,0
101.65,0.00,0,0
101.65,0.00,0,0
101.65,0.00,0,0
101.64,0.00,0,0
101.64,0.00,0,0
101.64,0.00,0,0
101.64,0.00,0,0
101.63,0.00,0,0
101.63,0.00,0,0
101.63,0.00,0,0
101.63,0.00,0,0
101.63,0.00,0,0
101.63,0.00,0,0
101.63,0.00,0,0
101.63,0.00,0,0
101.63,0.00,0,0
101.63,0.00,0,0
101.63,0.00,0,0
101.63,0.00,0,0
101.62,0.00,0,0
101.62,0.00,0,0
101.62,0.00,0,0
101.61,0.00,0,0
101.61,0.00,0,0
101.61,0.00,0,0
101.61,0.00,0,0
101.61,0.00,0,0
101.61,0.00,0,0
101.61,0.00,0,0
101.61,0.00,0,0
101.60,0.00,0,0
101.60,0.00,0,0
101.60,0.00,0,0
101.60,0.00,0,0
101.60,0.00,0,0
101.60,0.00,0,0
101.60,0.00,0,0
101.60,0.00,0,0
101.59,0.00,0,0
101.59,0.00,0,0
101.59,0.00,0,0
101.59,0.00,0,0
101.59,0.00,0,0
101.59,0.00,0,0
101.59,0.00,0,0
101.59,0.00,0,0
101.59,0.00,0,0
101.59,0.00,0,0
101.59,0.00,0,0
101.59,0.00,0,0
101.58,0.00,0,0
101.58,0.00,0,0
101.58,0.00,0,0
101.59,0.00,0,0
101.59,0.00,0,0
101.59,0.00,0,0
101.59,0.00,0,0
101.59,0.00,0,0
101.59,0.00,0,0
101.59,0.00,0,0
101.59,0.00,0,0
101.59,0.00,0,0
101.59,0.00,0,0
101.59,0.00,0,0
101.59,0.00,0,0
101.59,0.00,0,0
101.59,0.00,0,0
101.59,0.00,0,0
101.59,0.00,0,0
101.59,0.00,0,0
101.59,0.00,0,0
101.59,0.00,0,0
101.59,0.00,0,0
101.60,0.00,0,0
101.60,0.00,0,0
101.60,0.00,0,0
101.60,0.00,0,0
101.60,0.00,0,0
101.60,0.00,0,0
101.60,0.00,0,0
101.60,0.00,0,0
101.61,0.00,0,0
101.61,0.00,0,0
101.61,0.00,0,0
101.61,0.00,0,0
101.61,0.00,0,0
101.61,0.00,0,0
101.61,0.00,0,0
101.61,0.00,0,0
101.61,0.00,0,0
101.61,0.00,0,0
101.62,0.00,0,0
101.62,0.00,0,0
101.62,0.00,0,0
101.62,0.00,0,0
101.63,0.00,0,0
101.63,0.00,0,0
101.63,0.00,0,0
101.63,0.00,0,0
101.63,0.00,0,0
101.63,0.00,0,0
101.63,0.00,0,0
101.63,0.00,0,0
101.63,0.00,0,0
101.63,0.00,0,0
101.63,0.00,0,0
101.63,0.00,0,0
101.63,0.00,0,0
101.63,0.00,0,0
101.63,0.00,0,0
101.63,0.00,0,0
101.64,0.00,0,0
101.64,0.00,0,0
101.64,0.00,0,0
101.64,0.00,0,0
101.64,0.00,0,0
101.64,0.00,0,0
101.64,0.00,0,0
101.64,0.00,0,0
101.64,0.00,0,0
101.64,0.00,0,0
101.64,0.00,0,0
101.65,0.00,0,0
101.65,0.00,0,0
101.65,0.00,0,0
101.65,0.00,0,0
101.65,0.00,0,0
101.65,0.00,0,0
101.65,0.00,0,0
101.65,0.00,0,0
101.65,0.00,0,0
101.65,0.00,0,0
101.65,0.00,0,0
101.65,0.00,0,0
101.66,0.00,0,0
101.66,0.00,0,0
101.66,0.00,0,0
101.66,0.00,0,0
101.66,0.00,0,0
101.66,0.00,0,0
101.66,0.00,0,0
101.66,0.00,0,0
101.67,0.00,0,0
101.67,0.00,0,0
101.67,0.00,0,0
101.67,0.00,0,0
101.67,0.00,0,0
101.67,0.00,0,0
101.68,0.00,0,0
101.68,0.00,0,0
101.68,0.00,0,0
101.68,0.00,0,0
101.68,0.00,0,0
101.68,0.00,0,0
101.68,0.00,0,0
101.68,0.00,0,0
101.69,0.00,0,0
101.69,0.00,0,0
101.69,0.00,0,0
101.69,0.00,0,0
101.69,0.00,0,0
101.69,0.00,0,0
101.69,0.00,0,0
101.69,0.00,0,0
101.70,0.00,0,0
101.70,0.00,0,0
101.70,0.00,0,0
101.70,0.00,0,0
101.70,0.00,0,0
101.70,0.00,0,0
101.70,0.00,0,0
101.70,0.00,0,0
101.70,0.00,0,0
101.70,0.00,0,0
101.70,0.00,0,0
101.71,0.00,0,0
101.71,0.00,0,0
101.71,0.00,0,0
101.71,0.00,0,0
101.71,0.00,0,0
101.71,0.00,0,0
101.71,0.00,0,0
101.71,0.00,0,0
101.72,0.00,0,0
101.72,0.00,0,0
101.72,0.00,0,0
101.72,0.00,0,0
101.72,0.00,0,0
101.72,0.00,0,0
101.72,0.00,0,0
101.72,0.00,0,0
101.73,0.00,0,0
101.73,0.00,0,0
101.73,0.00,0,0
101.73,0.00,0,0
101.73,0.00,0,0
101.73,0.00,0,0
101.73,0.00,0,0
101.73,0.00,0,0
101.73,0.00,0,0
101.73,0.00,0,0
101.73,0.00,0,0
101.73,0.00,0,0
101.73,0.00,0,0
101.73,0.00,0,0
101.73,0.00,0,0
101.74,0.00,0,0
101.74,0.00,0,0
101.74,0.00,0,0
101.74,0.00,0,0
101.74,0.00,0,0
101.74,0.00,0,0
101.74,0.00,0,0
101.74,0.00,0,0
101.74,0.00,0,0
101.74,0.00,0,0
101.74,0.00,0,0
101.74,0.00,0,0
101.75,0.00,0,0
101.75,0.00,0,0
101.75,0.00,0,0
101.75,0.00,0,0
101.75,0.00,0,0
101.75,0.00,0,0
101.75,0.00,0,0
101.75,0.00,0,0
101.75,0.00,0,0
101.75,0.00,0,0
101.75,0.00,0,0
101.75,0.00,0,0
101.76,0.00,0,0
101.76,0.00,0,0
101.76,0.00,0,0
101.76,0.00,0,0
101.76,0.00,0,0
101.76,0.00,0,0
101.76,0.00,0,0
101.76,0.00,0,0
101.76,0.00,0,0
101.76,0.00,0,0
101.76,0.00,0,0
101.76,0.00,0,0
101.76,0.00,0,0
101.76,0.00,0,0
101.76,0.00,0,0
101.76,0.00,0,0
101.76,0.00,0,0
101.76,0.00,0,0
101.76,0.00,0,0
101.76,0.00,0,0
101.76,0.00,0,0
101.76,0.00,0,0
101.76,0.00,0,0
101.77,0.00,0,0
101.77,0.00,0,0
101.77,0.00,0,0
101.77,0.00,0,0
101.76,0.00,0,0
101.76,0.00,0,0
101.76,0.00,0,0
101.76,0.00,0,0
101.76,0.00,0,0
101.76,0.00,0,0
101.76,0.00,0,0
101.77,0.00,0,0
101.77,0.00,0,0
101.77,0.00,0,0
101.77,0.00,0,0
101.76,0.00,0,0
101.76,0.00,0,0
101.76,0.00,0,0
101.76,0.00,0,0
101.77,0.00,0,0
101.77,0.00,0,0
101.77,0.00,0,0
101.77,0.00,0,0
101.77,0.00,0,0
101.77,0.00,0,0
101.77,0.00,0,0
101.77,0.00,0,0
101.77,0.00,0,0
101.77,0.00,0,0
101.77,0.00,0,0
101.77,0.00,0,0
101.77,0.00,0,0
101.77,0.00,0,0
101.77,0.00,0,0
101.77,0.00,0,0
101.77,0.00,0,0
101.77,0.00,0,0
101.77,0.00,0,0
101.77,0.00,0,0
101.77,0.00,0,0
101.77,0.00,0,0
101.77,0.00,0,0
101.76,0.00,0,0
101.76,0.00,0,0
101.76,0.00,0,0
101.76,0.00,0,0
101.76,0.00,0,0
101.76,0.00,0,0
101.76,0.00,0,0
101.76,0.00,0,0
101.77,0.00,0,0
101.77,0.00,0,0
101.77,0.00,0,0
101.77,0.00,0,0
101.76,0.00,0,0
101.76,0.00,0,0
101.76,0.00,0,0
101.76,0.00,0,0
101.77,0.00,0,0
101.77,0.00,0,0
101.77,0.00,0,0
101.77,0.00,0,0
101.77,0.00,0,0
101.77,0.00,0,0
101.77,0.00,0,0
101.77,0.00,0,0
101.76,0.00,0,0
101.76,0.00,0,0
101.76,0.00,0,0
101.76,0.00,0,0
101.76,0.00,0,0
101.76,0.00,0,0
101.76,0.00,0,0
101.76,0.00,0,0
101.76,0.00,0,0
101.76,0.00,0,0
101.76,0.00,0,0
101.76,0.00,0,0
101.76,0.00,0,0
101.76,0.00,0,0
101.76,0.00,0,0
101.76,0.00,0,0
101.76,0.00,0,0
101.76,0.00,0,0
101.76,0.00,0,0
101.76,0.00,0,0
101.76,0.00,0,0
101.76,0.00,0,0
101.76,0.00,0,0
101.76,0.00,0,0
101.76,0.00,0,0
101.76,0.00,0,0
101.76,0.00,0,0
101.76,0.00,0,0
101.76,0.00,0,0
101.76,0.00,0,0
101.75,0.00,0,0
101.75,0.00,0,0
101.75,0.00,0,0
101.75,0.00,0,0
101.75,0.00,0,0
101.75,0.00,0,0
101.75,0.00,0,0
101.76,0.00,0,0
101.76,0.00,0,0
101.76,0.00,0,0
101.76,0.00,0,0
101.76,0.00,0,0
101.76,0.00,0,0
101.76,0.00,0,0
101.76,0.00,0,0
101.76,0.00,0,0
101.76,0.00,0,0
101.76,0.00,0,0
101.76,0.00,0,0
101.76,0.00,0,0
101.76,0.00,0,0
101.76,0.00,0,0
101.76,0.00,0,0
101.75,0.00,0,0
101.75,0.00,0,0
101.75,0.00,0,0
101.75,0.00,0,0
101.75,0.00,0,0
101.75,0.00,0,0
101.75,0.00,0,0
101.75,0.00,0,0
101.75,0.00,0,0
101.75,0.00,0,0
101.75,0.00,0,0
101.75,0.00,0,0
101.75,0.00,0,0
101.75,0.00,0,0
101.75,0.00,0,0
101.75,0.00,0,0
101.75,0.00,0,0
101.75,0.00,0,0
101.75,0.00,0,0
101.74,0.00,0,0
101.74,0.00,0,0
101.74,0.00,0,0
101.74,0.00,0,0
101.74,0.00,0,0
101.74,0.00,0,0
101.74,0.00,0,0
101.74,0.00,0,0
101.73,0.00,0,0
101.73,0.00,0,0
101.73,0.00,0,0
101.73,0.00,0,0
101.72,0.00,0,0
101.72,0.00,0,0
101.72,0.00,0,0
101.72,0.00,0,0
101.71,0.00,0,0
101.71,0.00,0,0
101.71,0.00,0,0
101.71,0.00,0,0
101.71,0.00,0,0
101.71,0.00,0,0
101.71,0.00,0,0
101.70,0.00,0,0
101.70,0.00,0,0
101.70,0.00,0,0
101.70,0.00,0,0
101.70,0.00,0,0
101.70,0.00,0,0
101.70,0.00,0,0
101.70,0.00,0,0
101.69,0.00,0,0
101.69,0.00,0,0
101.69,0.00,0,0
101.69,0.00,0,0
101.68,0.00,0,0
101.68,0.00,0,0
101.68,0.00,0,0
101.68,0.00,0,0
101.67,0.00,0,0
101.67,0.00,0,0
101.67,0.00,0,0
101.67,0.00,0,0
101.66,0.00,0,0
101.66,0.00,0,0
101.66,0.00,0,0
101.66,0.00,0,0
101.65,0.00,0,0
101.65,0.00,0,0
101.65,0.00,0,0
101.65,0.00,0,0
101.64,0.00,0,0
101.64,0.00,0,0
101.64,0.00,0,0
101.64,0.00,0,0
101.64,0.00,0,0
101.64,0.00,0,0
101.64,0.00,0,0
101.63,0.00,0,0
101.63,0.00,0,0
101.63,0.00,0,0
101.63,0.00,0,0
101.62,0.00,0,0
101.62,0.00,0,0
101.62,0.00,0,0
101.62,0.00,0,0
101.61,0.00,0,0
101.61,0.00,0,0
101.61,0.00,0,0
101.61,0.00,0,0
101.60,0.00,0,0
101.60,0.00,0,0
101.60,0.00,0,0
101.60,0.00,0,0
101.60,0.00,0,0
101.60,0.00,0,0
101.60,0.00,0,0
101.60,0.00,0,0
101.59,0.00,0,0
101.59,0.00,0,0
101.59,0.00,0,0
101.59,0.00,0,0
101.57,0.00,0,0
101.57,0.00,0,0
101.57,0.00,0,0
101.56,0.00,0,0
101.56,0.00,0,0
101.56,0.00,0,0
101.56,0.00,0,0
101.54,0.00,0,0
101.54,0.00,0,0
101.54,0.00,0,0
101.54,0.00,0,0
101.53,0.00,0,0
101.53,0.00,0,0
101.53,0.00,0,0
101.53,0.00,0,0
101.51,0.00,0,0
101.51,0.00,0,0
101.51,0.00,0,0
101.51,0.00,0,0
101.49,0.00,0,0
101.49,0.00,0,0
101.49,0.00,0,0
101.49,0.00,0,0
101.47,0.00,0,0
101.47,0.00,0,0
101.47,0.00,0,0
101.47,0.00,0,0
101.45,0.00,0,0
101.42,0.00,0,0
101.40,0.00,0,0
101.37,0.00,0,0
101.37,0.00,0,0
101.36,0.00,0,0
101.36,0.00,0,0
101.36,0.00,0,0
101.36,0.00,0,0
101.34,0.00,0,0
101.34,0.00,0,0
101.34,0.00,0,0
101.34,0.00,0,0
101.32,0.00,0,0
101.32,0.00,0,0
101.32,0.00,0,0
101.32,0.00,0,0
101.31,0.00,0,0
101.31,0.00,0,0
101.31,0.00,0,0
101.31,0.00,0,0
101.30,0.00,0,0
101.30,0.00,0,0
101.30,0.00,0,0
101.30,0.00,0,0
101.29,0.00,0,0
101.29,0.00,0,0
101.29,0.00,0,0
101.29,0.00,0,0
101.27,0.00,0,0
101.27,0.00,0,0
101.27,0.00,0,0
101.27,0.00,0,0
101.27,0.00,0,0
101.27,0.00,0,0
101.27,0.00,0,0
101.27,0.00,0,0
101.27,0.00,0,0
101.27,0.00,0,0
101.27,0.00,0,0
101.26,0.00,0,0
101.26,0.00,0,0
101.26,0.00,0,0
101.26,0.00,0,0
101.26,0.00,0,0
101.26,0.00,0,0
101.26,0.00,0,0
101.26,0.00,0,0
101.26,0.00,0,0
101.26,0.00,0,0
101.26,0.00,0,0
101.26,0.00,0,0
101.26,0.00,0,0
101.26,0.00,0,0
101.26,0.00,0,0
101.26,0.00,0,0
101.26,0.00,0,0
101.26,0.00,10287,0
101.26,0.00,10287,0
101.26,0.00,11092,0
101.26,0.00,11092,0
101.26,0.00,11010,0
101.26,0.00,10878,0
101.27,0.00,10911,0
101.27,0.00,9919,0
101.27,0.00,9017,0
101.28,0.00,8197,0
101.28,0.00,7451,0
101.28,0.00,6773,0
101.28,0.00,6157,0
101.29,0.00,5597,0
101.29,0.00,5088,0
101.29,0.00,4625,0
101.29,0.00,4204,0
101.30,0.00,4204,0
101.30,0.00,3821,0
101.30,0.00,3473,0
101.30,0.00,3473,0
101.30,0.00,3157,0
101.30,0.00,2869,0
101.30,0.00,2869,0
101.30,0.00,2608,0
101.31,0.00,2370,0
101.31,0.00,2370,0
101.31,0.00,2154,0
101.31,0.00,1958,0
101.32,0.00,1958,0
101.32,0.00,1779,0
101.32,0.00,1617,0
101.32,0.00,1469,0
101.32,0.00,1335,0
101.32,0.00,1213,0
101.32,0.00,1213,0
101.34,0.00,1102,0
101.34,0.00,1102,0
101.34,0.00,1001,0
101.34,0.00,909,0
101.34,0.00,909,0
101.34,0.00,826,0
101.34,0.00,750,0
101.34,0.00,750,0
101.35,0.00,681,0
101.35,0.00,619,0
101.35,0.00,619,0
101.35,0.00,562,0
101.36,0.00,510,0
101.36,0.00,510,0
101.36,0.00,463,0
101.36,0.00,420,0
101.36,0.00,420,0
101.36,0.00,381,0
101.36,0.00,346,0
101.36,0.00,346,0
101.36,0.00,15699,0
101.36,0.00,25116,0
101.36,0.00,21912,0
101.41,0.00,19732,0
101.41,0.00,19732,0
101.41,0.00,29252,0
101.41,0.00,29252,0
101.49,0.00,28276,0
101.49,0.00,16327,0
101.49,0.00,16327,0
101.49,0.00,24708,0
101.58,0.00,21078,0
101.58,0.00,21078,0
101.58,0.00,30560,0
101.58,0.00,24936,0
101.68,0.00,24936,0
101.68,0.00,27248,0
101.68,0.00,19004,0
101.68,0.00,19004,0
101.76,0.00,27444,0
101.76,0.00,32598,0
101.76,0.00,32598,0
101.76,0.00,31022,0
101.81,0.00,22822,0
101.81,0.00,22822,0
101.81,0.00,22258,0
101.85,0.00,20910,0
101.85,0.00,19642,0
101.85,0.00,18452,0
101.85,0.00,18452,0
101.86,0.00,17334,0
101.86,0.00,16462,0
101.86,0.00,16462,0
101.86,0.00,31622,0
101.88,0.00,31622,0
101.88,0.00,30846,0
101.88,0.00,24080,0
101.88,0.00,24080,0
101.92,0.00,25096,0
101.92,0.00,24658,0
101.92,0.00,24658,0
101.92,0.00,23936,0
101.96,0.00,26984,0
101.96,0.00,26984,0
101.96,0.00,19272,0
101.96,0.00,25748,0
102.00,0.00,25748,0
102.00,0.00,21788,0
102.00,0.00,21600,0
102.00,0.00,21600,0
102.04,0.00,19106,0
102.04,0.00,28724,0
102.04,0.00,32766,0
102.07,0.00,31656,0
102.07,0.00,12373,0
102.07,0.00,12373,0
102.07,0.00,29212,0
102.08,0.00,27618,0
102.08,0.00,27618,0
102.08,0.00,25946,0
102.08,0.00,25946,0
102.05,0.00,24376,0
102.05,0.00,22898,0
102.05,0.00,22898,0
102.05,0.00,21510,0
102.02,0.00,20204,0
102.02,0.00,20204,0
102.02,0.00,18982,0
102.02,0.00,17830,0
101.98,0.00,17830,0
101.98,0.00,16750,0
101.98,0.00,15737,0
101.98,0.00,15737,0
101.93,0.00,14783,0
101.93,0.00,13887,0
101.93,0.00,13043,0
101.89,0.00,12254,0
101.89,0.00,12254,0
101.89,0.00,11511,0
101.89,0.00,10815,0
101.84,0.00,10815,0
101.84,0.00,10158,0
101.84,0.00,9234,0
101.84,0.00,9234,0
101.80,0.00,8394,0
101.80,0.00,7630,0
101.80,0.00,7630,0
101.80,0.00,6936,0
101.76,0.00,6936,0
101.76,0.00,6305,0
101.76,0.00,5731,0
101.76,0.00,5731,0
101.73,0.00,20308,0
101.73,0.00,32748,0
101.73,0.00,32748,0
101.73,0.00,32766,0
101.71,0.00,32766,0
101.71,0.00,32766,0
101.71,0.00,23612,0
101.71,0.00,19504,0
101.70,0.00,23996,0
101.70,0.00,27194,0
101.70,0.00,28066,0
101.70,0.00,28066,0
101.70,0.00,23122,0
101.70,0.00,29880,0
101.70,0.00,29880,0
101.72,0.00,29402,0
101.72,0.00,25200,0
101.72,0.00,25200,0
101.72,0.00,26086,0
101.75,0.00,26086,0
101.75,0.00,27496,0
101.75,0.00,23714,0
101.75,0.00,23714,0
101.78,0.00,27564,0
101.78,0.00,24174,0
101.78,0.00,24174,0
101.78,0.00,25416,0
101.82,0.00,22198,0
101.82,0.00,22198,0
101.82,0.00,31946,0
101.82,0.00,31082,0
101.86,0.00,31082,0
101.86,0.00,25522,0
101.86,0.00,32250,0
101.88,0.00,30374,0
101.88,0.00,28534,0
101.88,0.00,28534,0
101.88,0.00,26802,0
101.89,0.00,25178,0
101.89,0.00,25178,0
101.89,0.00,23652,0
101.89,0.00,23652,0
101.89,0.00,22220,0
101.89,0.00,23190,0
101.89,0.00,23190,0
101.89,0.00,32170,0
101.91,0.00,28552,0
101.91,0.00,28552,0
101.91,0.00,29802,0
101.91,0.00,25342,0
101.93,0.00,25342,0
101.93,0.00,23288,0
101.93,0.00,15903,0
101.93,0.00,15903,0
101.95,0.00,14457,0
101.95,0.00,13142,0
101.97,0.00,11947,0
102.00,0.00,10860,0
102.00,0.00,9872,0
102.00,0.00,27646,0
102.01,0.00,31744,0
102.01,0.00,29822,0
102.01,0.00,16748,0
102.01,0.00,23502,0
102.00,0.00,32766,0
102.00,0.00,32516,0
102.00,0.00,30792,0
102.00,0.00,30792,0
101.98,0.00,28926,0
101.98,0.00,27170,0
101.98,0.00,27170,0
101.98,0.00,25526,0
101.95,0.00,25526,0
101.95,0.00,23978,0
101.95,0.00,22524,0
101.95,0.00,22524,0
101.91,0.00,21162,0
101.91,0.00,19880,0
101.91,0.00,19880,0
101.91,0.00,18674,0
101.87,0.00,16832,0
101.87,0.00,16546,0
101.87,0.00,15545,0
101.83,0.00,14600,0
101.83,0.00,14600,0
101.83,0.00,13715,0
101.83,0.00,12885,0
101.78,0.00,12885,0
101.78,0.00,12103,0
101.78,0.00,11371,0
101.78,0.00,11371,0
101.72,0.00,10680,0
101.72,0.00,10033,0
101.72,0.00,10033,0
101.72,0.00,9120,0
101.67,0.00,8290,0
101.67,0.00,8290,0
101.67,0.00,7536,0
101.67,0.00,7536,0
101.62,0.00,6850,0
101.62,0.00,6227,0
101.62,0.00,6227,0
101.62,0.00,27134,0
101.60,0.00,32766,0
101.60,0.00,32766,0
101.60,0.00,32766,0
101.58,0.00,32766,0
101.58,0.00,32766,0
101.58,0.00,26458,0
101.58,0.00,26458,0
101.58,0.00,23608,0
101.58,0.00,25848,0
101.58,0.00,25848,0
101.58,0.00,28346,0
101.58,0.00,28962,0
101.58,0.00,28962,0
101.58,0.00,28730,0
101.58,0.00,28730,0
101.62,0.00,29424,0
101.62,0.00,26752,0
101.62,0.00,26752,0
101.62,0.00,26546,0
101.68,0.00,28778,0
101.68,0.00,28778,0
101.68,0.00,24222,0
101.68,0.00,26914,0
101.73,0.00,26914,0
101.73,0.00,24848,0
101.73,0.00,24126,0
101.73,0.00,24126,0
101.79,0.00,22094,0
101.79,0.00,29042,0
101.79,0.00,23906,0
101.83,0.00,25356,0
101.83,0.00,23822,0
101.83,0.00,23822,0
101.83,0.00,22376,0
101.85,0.00,21020,0
101.85,0.00,21020,0
101.85,0.00,19746,0
101.85,0.00,19746,0
101.86,0.00,18550,0
101.86,0.00,17426,0
101.86,0.00,17426,0
101.86,0.00,16542,0
101.87,0.00,19380,0
101.87,0.00,19380,0
101.87,0.00,31508,0
101.87,0.00,23882,0
101.89,0.00,23882,0
101.89,0.00,30218,0
101.89,0.00,28942,0
101.89,0.00,28942,0
101.90,0.00,28460,0
101.90,0.00,14564,0
101.90,0.00,19058,0
101.93,0.00,10635,0
101.93,0.00,10635,0
101.93,0.00,21766,0
101.93,0.00,19194,0
101.95,0.00,19194,0
101.95,0.00,17944,0
101.95,0.00,31458,0
101.95,0.00,31458,0
101.98,0.00,32766,0
101.98,0.00,32306,0
101.98,0.00,32306,0
101.98,0.00,27672,0
101.99,0.00,27672,0
101.99,0.00,14509,0
101.99,0.00,32316,0
101.99,0.00,32316,0
101.98,0.00,32104,0
101.98,0.00,30198,0
101.98,0.00,30198,0
101.98,0.00,28370,0
101.95,0.00,26648,0
101.95,0.00,26648,0
101.95,0.00,25034,0
101.92,0.00,23514,0
101.92,0.00,22092,0
101.92,0.00,19132,0
101.92,0.00,19132,0
101.88,0.00,15935,0
101.88,0.00,18756,0
101.88,0.00,18756,0
101.88,0.00,17618,0
101.84,0.00,16550,0
101.84,0.00,16550,0
101.84,0.00,15546,0
101.84,0.00,14606,0
101.80,0.00,14606,0
101.80,0.00,13720,0
101.80,0.00,12890,0
101.80,0.00,12890,0
101.75,0.00,12109,0
101.75,0.00,11373,0
101.75,0.00,11373,0
101.75,0.00,10685,0
101.71,0.00,10685,0
101.71,0.00,10037,0
101.71,0.00,9124,0
101.71,0.00,9124,0
101.66,0.00,8294,0
101.66,0.00,7539,0
101.66,0.00,6853,0
101.64,0.00,29844,0
101.64,0.00,32766,0
101.64,0.00,32766,0
101.64,0.00,32766,0
101.63,0.00,32766,0
101.63,0.00,32766,0
101.63,0.00,25920,0
101.63,0.00,23860,0
101.62,0.00,23860,0
101.62,0.00,24076,0
101.62,0.00,28560,0
101.62,0.00,28560,0
101.63,0.00,23934,0
101.63,0.00,28082,0
101.63,0.00,28082,0
101.63,0.00,29284,0
101.67,0.00,29284,0
101.67,0.00,27634,0
101.67,0.00,26074,0
101.67,0.00,25582,0
101.72,0.00,25582,0
101.72,0.00,22658,0
101.72,0.00,23606,0
101.77,0.00,21954,0
101.77,0.00,26756,0
101.77,0.00,26756,0
101.77,0.00,25734,0
101.82,0.00,23392,0
101.82,0.00,23392,0
101.82,0.00,30200,0
101.82,0.00,30200,0
101.87,0.00,31804,0
101.87,0.00,23604,0
101.87,0.00,23604,0
101.87,0.00,25952,0
101.90,0.00,24380,0
101.90,0.00,24380,0
101.90,0.00,22898,0
101.90,0.00,21514,0
101.91,0.00,21514,0
101.91,0.00,20208,0
101.91,0.00,18986,0
101.91,0.00,18986,0
101.92,0.00,19322,0
101.92,0.00,26066,0
101.92,0.00,26066,0
101.93,0.00,32548,0
101.95,0.00,23650,0
101.95,0.00,26296,0
101.98,0.00,28960,0
101.98,0.00,29016,0
101.98,0.00,30562,0
101.98,0.00,26632,0
102.01,0.00,21376,0
102.01,0.00,21584,0
102.01,0.00,25048,0
102.01,0.00,13192,0
102.04,0.00,15445,0
102.04,0.00,20166,0
102.04,0.00,20166,0
102.04,0.00,30966,0
102.06,0.00,30966,0
102.06,0.00,30444,0
102.06,0.00,22228,0
102.06,0.00,22228,0
102.06,0.00,20207,0
102.06,0.00,27730,0
102.06,0.00,27730,0
102.06,0.00,32766,0
102.05,0.00,32024,0
102.05,0.00,30106,0
102.05,0.00,28278,0
102.02,0.00,26564,0
102.02,0.00,24954,0
102.02,0.00,24954,0
102.02,0.00,23442,0
101.98,0.00,23442,0
101.98,0.00,22022,0
101.98,0.00,20690,0
101.98,0.00,20690,0
101.95,0.00,19434,0
101.95,0.00,18254,0
101.95,0.00,18254,0
101.95,0.00,17150,0
101.90,0.00,16110,0
101.90,0.00,16110,0
101.90,0.00,15135,0
101.90,0.00,14217,0
101.86,0.00,14217,0
101.86,0.00,13357,0
101.86,0.00,12547,0
101.86,0.00,12547,0
101.81,0.00,11786,0
101.81,0.00,11786,0
101.81,0.00,11071,0
101.77,0.00,10401,0
101.77,0.00,9455,0
101.77,0.00,8595,0
101.77,0.00,8595,0
101.73,0.00,7813,0
101.73,0.00,7102,0
101.73,0.00,7102,0
101.73,0.00,11339,0
101.71,0.00,32710,0
101.71,0.00,32710,0
101.71,0.00,32766,0
101.71,0.00,32766,0
101.69,0.00,32766,0
101.69,0.00,32766,0
101.69,0.00,32766,0
101.69,0.00,32766,0
101.69,0.00,24676,0
101.69,0.00,23890,0
101.69,0.00,23890,0
101.69,0.00,23936,0
101.68,0.00,23936,0
101.68,0.00,26522,0
101.68,0.00,29218,0
101.68,0.00,29218,0
101.71,0.00,28132,0
101.71,0.00,28700,0
101.71,0.00,28310,0
101.74,0.00,25572,0
101.74,0.00,25332,0
101.74,0.00,25332,0
101.74,0.00,25310,0
101.79,0.00,26308,0
101.79,0.00,26308,0
101.79,0.00,25368,0
101.79,0.00,23972,0
101.84,0.00,23972,0
101.84,0.00,27618,0
101.84,0.00,27618,0
101.84,0.00,29198,0
101.88,0.00,26866,0
101.88,0.00,27138,0
101.88,0.00,27138,0
101.88,0.00,26190,0
101.91,0.00,26190,0
101.91,0.00,24606,0
101.91,0.00,23114,0
101.91,0.00,23114,0
101.92,0.00,21714,0
101.92,0.00,20400,0
101.92,0.00,19162,0
101.92,0.00,17930,0
101.92,0.00,17006,0
101.92,0.00,17006,0
101.92,0.00,22108,0
101.93,0.00,22108,0
101.93,0.00,29890,0
101.93,0.00,30676,0
101.93,0.00,30676,0
101.95,0.00,31580,0
101.95,0.00,30396,0
101.95,0.00,30396,0
101.95,0.00,19824,0
101.97,0.00,19824,0
101.97,0.00,12293,0
101.97,0.00,17388,0
101.97,0.00,15588,0
102.00,0.00,15588,0
102.00,0.00,14633,0
102.00,0.00,14633,0
102.00,0.00,10150,0
102.02,0.00,9227,0
102.02,0.00,16003,0
102.02,0.00,16003,0
102.03,0.00,30548,0
102.03,0.00,27056,0
102.03,0.00,24596,0
102.03,0.00,26976,0
102.04,0.00,26976,0
102.04,0.00,29298,0
102.04,0.00,29298,0
102.04,0.00,27520,0
102.04,0.00,25850,0
102.04,0.00,25850,0
102.04,0.00,24288,0
102.04,0.00,22814,0
102.02,0.00,22814,0
102.02,0.00,21430,0
102.02,0.00,20132,0
102.02,0.00,20132,0
102.00,0.00,18914,0
102.00,0.00,17766,0
102.00,0.00,17766,0
102.00,0.00,16690,0
101.96,0.00,16690,0
101.96,0.00,15678,0
101.96,0.00,14729,0
101.96,0.00,10207,0
101.94,0.00,10207,0
101.94,0.00,12965,0
101.94,0.00,12585,0
101.89,0.00,11823,0
101.89,0.00,11107,0
101.89,0.00,11107,0
101.89,0.00,10433,0
101.84,0.00,10433,0
101.84,0.00,9484,0
101.84,0.00,8621,0
101.84,0.00,8621,0
101.80,0.00,7837,0
101.80,0.00,7124,0
101.80,0.00,7124,0
101.80,0.00,6476,0
101.75,0.00,5887,0
101.75,0.00,5887,0
101.75,0.00,5351,0
101.75,0.00,4864,0
101.71,0.00,4864,0
101.71,0.00,4421,0
101.71,0.00,4019,0
101.71,0.00,4019,0
101.65,0.00,3653,0
101.65,0.00,3320,0
101.65,0.00,3320,0
101.61,0.00,3018,0
101.61,0.00,2743,0
101.61,0.00,2493,0
101.61,0.00,24276,0
101.58,0.00,24276,0
101.58,0.00,32766,0
101.58,0.00,32766,0
101.58,0.00,32766,0
101.57,0.00,32766,0
101.57,0.00,32766,0
101.57,0.00,32766,0
101.57,0.00,32766,0
101.57,0.00,32766,0
101.57,0.00,22154,0
101.57,0.00,24000,0
101.57,0.00,24000,0
101.57,0.00,23862,0
101.57,0.00,27304,0
101.57,0.00,27304,0
101.57,0.00,30494,0
101.59,0.00,26462,0
101.59,0.00,26462,0
101.59,0.00,25910,0
101.59,0.00,24886,0
101.63,0.00,22738,0
101.66,0.00,21816,0
101.70,0.00,22424,0
101.70,0.00,22656,0
101.70,0.00,21810,0
101.70,0.00,21148,0
101.75,0.00,20468,0
101.75,0.00,22110,0
101.75,0.00,16658,0
101.75,0.00,18676,0
101.79,0.00,16606,0
101.79,0.00,16832,0
101.79,0.00,16832,0
101.79,0.00,15968,0
101.83,0.00,15968,0
101.83,0.00,14056,0
101.83,0.00,13561,0
101.83,0.00,13561,0
101.86,0.00,12842,0
101.86,0.00,13370,0
101.86,0.00,13370,0
101.86,0.00,12445,0
101.90,0.00,11798,0
101.90,0.00,11798,0
101.90,0.00,10816,0
101.93,0.00,10427,0
101.93,0.00,17274,0
101.93,0.00,28028,0
101.93,0.00,11624,0
101.96,0.00,11624,0
101.96,0.00,11962,0
101.96,0.00,11962,0
101.96,0.00,11237,0
101.97,0.00,10556,0
101.97,0.00,10556,0
101.97,0.00,9596,0
101.97,0.00,8723,0
101.97,0.00,8723,0
101.97,0.00,7929,0
101.97,0.00,7208,0
101.97,0.00,7208,0
101.98,0.00,6552,0
101.98,0.00,5956,0
101.98,0.00,5956,0
101.98,0.00,5414,0
101.97,0.00,4921,0
101.97,0.00,4921,0
101.97,0.00,4473,0
101.97,0.00,4066,0
101.96,0.00,4066,0
101.96,0.00,3696,0
101.96,0.00,3359,0
101.95,0.00,3053,0
101.95,0.00,2775,0
101.95,0.00,2775,0
101.95,0.00,2522,0
101.95,0.00,2292,0
101.95,0.00,2292,0
101.95,0.00,2083,0
101.95,0.00,13778,0
101.93,0.00,13778,0
101.93,0.00,32766,0
101.93,0.00,32766,0
101.93,0.00,31454,0
101.94,0.00,25202,0
101.94,0.00,25202,0
101.94,0.00,30116,0
101.94,0.00,19606,0
101.96,0.00,19606,0
101.96,0.00,10605,0
101.96,0.00,13905,0
101.96,0.00,13905,0
101.97,0.00,12640,0
101.97,0.00,11490,0
101.97,0.00,11490,0
101.99,0.00,10445,0
101.99,0.00,9495,0
101.99,0.00,20898,0
101.99,0.00,24226,0
102.01,0.00,24226,0
102.01,0.00,23650,0
102.01,0.00,22364,0
102.01,0.00,22364,0
102.01,0.00,20836,0
102.01,0.00,19652,0
102.01,0.00,19652,0
102.01,0.00,18162,0
102.01,0.00,18162,0
102.01,0.00,15586,0
102.01,0.00,16224,0
102.01,0.00,16224,0
102.01,0.00,14680,0
102.01,0.00,14959,0
102.01,0.00,14959,0
102.01,0.00,14449,0
102.01,0.00,13841,0
102.01,0.00,13841,0
102.01,0.00,13897,0
102.01,0.00,13208,0
102.01,0.00,11992,0
102.01,0.00,12236,0
102.01,0.00,11385,0
102.00,0.00,11385,0
102.00,0.00,10805,0
102.00,0.00,10150,0
102.00,0.00,10150,0
102.00,0.00,9227,0
102.00,0.00,8388,0
102.00,0.00,8388,0
102.00,0.00,7625,0
101.99,0.00,7625,0
101.99,0.00,6931,0
101.99,0.00,6300,0
101.99,0.00,6300,0
101.98,0.00,5727,0
101.98,0.00,5206,0
101.98,0.00,5206,0
101.98,0.00,4732,0
101.97,0.00,4301,0
101.97,0.00,4301,0
101.97,0.00,3909,0
101.97,0.00,3553,0
101.94,0.00,3553,0
101.94,0.00,3229,0
101.94,0.00,2935,0
101.91,0.00,2668,0
101.91,0.00,2425,0
101.91,0.00,2425,0
101.91,0.00,2204,0
101.88,0.00,2204,0
101.88,0.00,2003,0
101.88,0.00,1820,0
101.88,0.00,1820,0
101.86,0.00,1654,0
101.86,0.00,1503,0
101.86,0.00,1503,0
101.86,0.00,1366,0
101.82,0.00,1241,0
101.82,0.00,1241,0
101.82,0.00,1128,0
101.82,0.00,1025,0
101.79,0.00,1025,0
101.79,0.00,931,0
101.79,0.00,846,0
101.79,0.00,846,0
101.75,0.00,769,0
101.75,0.00,699,0
101.75,0.00,699,0
101.75,0.00,635,0
101.70,0.00,635,0
101.70,0.00,577,0
101.70,0.00,524,0
101.66,0.00,476,0
101.66,0.00,432,0
101.66,0.00,392,0
101.66,0.00,392,0
101.62,0.00,356,0
101.62,0.00,323,0
101.62,0.00,323,0
101.62,0.00,293,0
101.56,0.00,293,0
101.56,0.00,266,0
101.56,0.00,241,0
101.56,0.00,241,0
101.51,0.00,219,0
101.51,0.00,199,0
101.51,0.00,199,0
101.51,0.00,180,0
101.47,0.00,163,0
101.47,0.00,163,0
101.47,0.00,148,0
101.47,0.00,134,0
101.42,0.00,134,0
101.42,0.00,121,0
101.42,0.00,109,0
101.42,0.00,109,0
101.38,0.00,99,0
101.38,0.00,89,0
101.38,0.00,80,0
101.34,0.00,72,0
101.34,0.00,72,0
101.34,0.00,65,0
101.34,0.00,25328,0
101.32,0.00,25328,0
101.32,0.00,32766,0
101.32,0.00,32766,0
101.32,0.00,32766,0
101.31,0.00,32766,0
101.31,0.00,32766,0
101.31,0.00,32766,0
101.31,0.00,32766,0
101.32,0.00,32766,0
101.32,0.00,32766,0
101.32,0.00,32766,0
101.32,0.00,32766,0
101.34,0.00,28386,0
101.34,0.00,26518,0
101.34,0.00,26518,0
101.34,0.00,25996,0
101.35,0.00,26708,0
101.35,0.00,26708,0
101.35,0.00,29288,0
101.38,0.00,28040,0
101.43,0.00,28430,0
101.43,0.00,30226,0
101.49,0.00,28764,0
101.49,0.00,26942,0
101.49,0.00,25386,0
101.49,0.00,25746,0
101.55,0.00,25420,0
101.55,0.00,23288,0
101.55,0.00,23034,0
101.55,0.00,22082,0
101.60,0.00,20578,0
101.60,0.00,20360,0
101.60,0.00,20360,0
101.60,0.00,19102,0
101.65,0.00,19102,0
101.65,0.00,20502,0
101.65,0.00,18432,0
101.65,0.00,18432,0
101.69,0.00,16003,0
101.69,0.00,15843,0
101.69,0.00,15843,0
101.69,0.00,14591,0
101.73,0.00,14793,0
101.73,0.00,14793,0
101.73,0.00,15484,0
101.77,0.00,13332,0
101.77,0.00,12019,0
101.77,0.00,11291,0
101.77,0.00,11151,0
101.81,0.00,11151,0
101.81,0.00,10335,0
101.81,0.00,10335,0
101.81,0.00,19260,0
101.85,0.00,31528,0
101.85,0.00,31528,0
101.85,0.00,12561,0
101.85,0.00,13177,0
101.87,0.00,13177,0
101.87,0.00,12377,0
101.87,0.00,11629,0
101.87,0.00,11629,0
101.89,0.00,10924,0
101.89,0.00,10261,0
101.89,0.00,10261,0
101.89,0.00,9328,0
101.89,0.00,8480,0
101.89,0.00,8480,0
101.89,0.00,7709,0
101.89,0.00,7008,0
101.89,0.00,6370,0
101.89,0.00,5790,0
101.89,0.00,5790,0
101.88,0.00,5263,0
101.88,0.00,19476,0
101.88,0.00,19476,0
101.88,0.00,32158,0
101.89,0.00,32158,0
101.89,0.00,31880,0
101.89,0.00,32114,0
101.89,0.00,32114,0
101.90,0.00,30276,0
101.90,0.00,23586,0
101.90,0.00,23586,0
101.90,0.00,16270,0
101.91,0.00,14972,0
101.91,0.00,14972,0
101.91,0.00,18600,0
101.91,0.00,15633,0
101.93,0.00,15633,0
101.93,0.00,14189,0
101.93,0.00,15165,0
101.93,0.00,15165,0
101.94,0.00,15210,0
101.94,0.00,15560,0
101.94,0.00,16037,0
101.96,0.00,15467,0
101.96,0.00,15467,0
101.96,0.00,15640,0
101.96,0.00,15215,0
101.97,0.00,15215,0
101.97,0.00,14432,0
101.97,0.00,13502,0
101.97,0.00,13502,0
101.98,0.00,12729,0
101.98,0.00,12026,0
101.98,0.00,12026,0
101.98,0.00,11302,0
101.99,0.00,11302,0
101.99,0.00,10618,0
101.99,0.00,9652,0
101.99,0.00,9652,0
102.00,0.00,8774,0
102.00,0.00,7976,0
102.00,0.00,7976,0
102.00,0.00,7250,0
102.00,0.00,6590,0
102.00,0.00,6590,0
102.00,0.00,5990,0
102.01,0.00,5445,0
102.01,0.00,4950,0
102.01,0.00,4500,0
102.01,0.00,4090,0
102.01,0.00,4090,0
102.01,0.00,3718,0
102.01,0.00,3718,0
102.01,0.00,3379,0
102.01,0.00,3071,0
102.01,0.00,3071,0
102.01,0.00,2791,0
102.01,0.00,2537,0
102.01,0.00,2537,0
102.01,0.00,2306,0
102.01,0.00,2096,0
102.01,0.00,2096,0
102.02,0.00,1905,0
102.02,0.00,1731,0
102.02,0.00,1731,0
102.02,0.00,1573,0
102.01,0.00,1573,0
102.01,0.00,1429,0
102.01,0.00,1299,0
102.01,0.00,1299,0
102.01,0.00,1180,0
102.01,0.00,1072,0
102.01,0.00,974,0
102.01,0.00,885,0
102.01,0.00,804,0
102.01,0.00,804,0
102.01,0.00,730,0
102.00,0.00,730,0
102.00,0.00,663,0
102.00,0.00,602,0
102.00,0.00,602,0
102.00,0.00,547,0
102.00,0.00,497,0
102.00,0.00,497,0
102.00,0.00,451,0
102.00,0.00,409,0
102.00,0.00,409,0
102.00,0.00,371,0
102.00,0.00,337,0
101.99,0.00,337,0
101.99,0.00,306,0
101.99,0.00,278,0
101.99,0.00,278,0
101.98,0.00,252,0
101.98,0.00,229,0
101.98,0.00,229,0
101.98,0.00,208,0
101.98,0.00,208,0
101.98,0.00,189,0
101.98,0.00,171,0
101.97,0.00,12496,0
101.97,0.00,30128,0
101.97,0.00,27389,0
101.97,0.00,27389,0
101.96,0.00,24899,0
101.96,0.00,24899,0
101.96,0.00,22635,0
101.96,0.00,20577,0
101.96,0.00,20577,0
101.96,0.00,18706,0
101.96,0.00,17005,0
101.96,0.00,17005,0
101.96,0.00,15459,0
101.96,0.00,14053,0
101.96,0.00,14053,0
101.96,0.00,12775,0
101.96,0.00,11613,0
101.96,0.00,11613,0
101.96,0.00,10557,0
101.96,0.00,9597,0
101.95,0.00,9597,0
101.95,0.00,8724,0
101.95,0.00,7930,0
101.94,0.00,7209,0
101.94,0.00,6553,0
101.94,0.00,6553,0
101.94,0.00,5957,0
101.92,0.00,5415,0
101.92,0.00,5415,0
101.92,0.00,4922,0
101.92,0.00,4922,0
101.90,0.00,4474,0
101.90,0.00,4067,0
101.90,0.00,4067,0
101.90,0.00,3697,0
101.87,0.00,3360,0
101.87,0.00,3360,0
101.87,0.00,3054,0
101.87,0.00,2776,0
101.84,0.00,2776,0
101.84,0.00,2523,0
101.84,0.00,2293,0
101.84,0.00,2293,0
101.81,0.00,2084,0
101.81,0.00,1894,0
101.81,0.00,1894,0
101.81,0.00,1721,0
101.77,0.00,1564,0
101.77,0.00,1564,0
101.73,0.00,1421,0
101.69,0.00,1291,0
101.69,0.00,1173,0
101.69,0.00,1066,0
101.65,0.00,969,0
101.65,0.00,880,0
101.65,0.00,799,0
101.65,0.00,726,0
101.60,0.00,660,0
101.60,0.00,600,0
101.60,0.00,545,0
101.60,0.00,495,0
101.56,0.00,449,0
101.56,0.00,449,0
101.56,0.00,408,0
101.56,0.00,370,0
101.51,0.00,370,0
101.51,0.00,336,0
101.51,0.00,305,0
101.51,0.00,305,0
101.46,0.00,277,0
101.46,0.00,251,0
101.46,0.00,251,0
101.46,0.00,228,0
101.42,0.00,228,0
101.42,0.00,207,0
101.42,0.00,188,0
101.37,0.00,170,0
101.37,0.00,154,0
101.37,0.00,140,0
101.37,0.00,140,0
101.34,0.00,127,0
101.34,0.00,115,0
101.34,0.00,115,0
101.34,0.00,104,0
101.29,0.00,104,0
101.29,0.00,94,0
101.29,0.00,85,0
101.29,0.00,85,0
101.25,0.00,77,0
101.25,0.00,70,0
101.25,0.00,70,0
101.25,0.00,63,0
101.21,0.00,57,0
101.21,0.00,57,0
101.21,0.00,51,0
101.21,0.00,46,0
101.17,0.00,46,0
101.17,0.00,41,0
101.17,0.00,37,0
101.17,0.00,37,0
101.14,0.00,33,0
101.14,0.00,29,0
101.14,0.00,29,0
101.10,0.00,26,0
101.10,0.00,23,0
101.10,0.00,20,0
101.10,0.00,18,0
101.07,0.00,18,0
101.07,0.00,16,0
101.07,0.00,14,0
101.07,0.00,14,0
101.05,0.00,12,0
101.05,0.00,10,0
101.05,0.00,10,0
101.05,0.00,9,0
101.04,0.00,9,0
101.04,0.00,8,0
101.04,0.00,7,0
101.04,0.00,7,0
101.03,0.00,21658,0
101.03,0.00,32766,0
101.03,0.00,32766,0
101.03,0.00,32766,0
101.04,0.00,32766,0
101.04,0.00,32766,0
101.04,0.00,32766,0
101.04,0.00,32766,0
101.05,0.00,32766,0
101.05,0.00,32766,0
101.05,0.00,32766,0
101.08,0.00,30398,0
101.08,0.00,25144,0
101.08,0.00,25144,0
101.08,0.00,26758,0
101.09,0.00,26956,0
101.09,0.00,26956,0
101.09,0.00,26924,0
101.09,0.00,28158,0
101.12,0.00,28158,0
101.12,0.00,27126,0
101.12,0.00,28438,0
101.12,0.00,28438,0
101.16,0.00,28936,0
101.16,0.00,28450,0
101.16,0.00,28450,0
101.16,0.00,27408,0
101.21,0.00,27408,0
101.21,0.00,28642,0
101.21,0.00,29860,0
101.21,0.00,29860,0
101.28,0.00,29764,0
101.28,0.00,28308,0
101.28,0.00,28308,0
101.28,0.00,27494,0
101.34,0.00,26818,0
101.34,0.00,27010,0
101.34,0.00,26422,0
101.40,0.00,25646,0
101.40,0.00,25646,0
101.40,0.00,25406,0
101.40,0.00,25406,0
101.45,0.00,27164,0
101.45,0.00,25108,0
101.45,0.00,25108,0
101.45,0.00,24818,0
101.51,0.00,23264,0
101.51,0.00,23264,0
101.51,0.00,26844,0
101.51,0.00,30356,0
101.55,0.00,30356,0
101.55,0.00,24356,0
101.55,0.00,26168,0
101.55,0.00,26168,0
101.58,0.00,24584,0
101.58,0.00,23096,0
101.58,0.00,23096,0
101.58,0.00,21698,0
101.61,0.00,21698,0
101.61,0.00,20380,0
101.61,0.00,19148,0
101.63,0.00,17984,0
101.63,0.00,16724,0
101.63,0.00,16994,0
101.63,0.00,16994,0
101.64,0.00,23332,0
101.64,0.00,23332,0
101.64,0.00,28944,0
101.64,0.00,28362,0
101.67,0.00,28362,0
101.67,0.00,25316,0
101.67,0.00,27264,0
101.67,0.00,27264,0
101.70,0.00,22832,0
101.70,0.00,21884,0
101.70,0.00,21884,0
101.70,0.00,20780,0
101.73,0.00,18216,0
101.73,0.00,18216,0
101.73,0.00,21324,0
101.73,0.00,18792,0
101.76,0.00,18792,0
101.76,0.00,18146,0
101.76,0.00,20180,0
101.79,0.00,16359,0
101.79,0.00,28180,0
101.79,0.00,28180,0
101.79,0.00,27836,0
101.81,0.00,23882,0
101.81,0.00,23882,0
101.81,0.00,23592,0
101.81,0.00,22162,0
101.82,0.00,22162,0
101.82,0.00,20822,0
101.82,0.00,20822,0
101.82,0.00,19556,0
101.83,0.00,18372,0
101.83,0.00,18372,0
101.83,0.00,17260,0
101.83,0.00,16214,0
101.83,0.00,16214,0
101.83,0.00,15231,0
101.83,0.00,14308,0
101.83,0.00,14308,0
101.82,0.00,13443,0
101.82,0.00,12625,0
101.82,0.00,12625,0
101.82,0.00,11863,0
101.82,0.00,11143,0
101.82,0.00,26118,0
101.82,0.00,32570,0
101.82,0.00,32570,0
101.82,0.00,32714,0
101.82,0.00,28212,0
101.82,0.00,28212,0
101.83,0.00,10235,0
101.83,0.00,9304,0
101.83,0.00,9304,0
101.83,0.00,8458,0
101.84,0.00,8458,0
101.84,0.00,7689,0
101.84,0.00,6989,0
101.84,0.00,6989,0
101.86,0.00,11449,0
101.86,0.00,15175,0
101.86,0.00,15175,0
101.86,0.00,13117,0
101.87,0.00,12283,0
101.87,0.00,12283,0
101.87,0.00,11166,0
101.87,0.00,10150,0
101.89,0.00,10150,0
101.89,0.00,9227,0
101.89,0.00,14831,0
101.90,0.00,14432,0
101.90,0.00,13559,0
101.90,0.00,12737,0
101.89,0.00,11965,0
101.89,0.00,11240,0
101.89,0.00,10558,0
101.89,0.00,9598,0
101.88,0.00,8725,0
101.88,0.00,7931,0
101.88,0.00,7209,0
101.88,0.00,6553,0
101.87,0.00,6553,0
101.87,0.00,5957,0
101.87,0.00,5415,0
101.87,0.00,5415,0
101.87,0.00,4922,0
101.87,0.00,4474,0
101.87,0.00,4474,0
101.87,0.00,4067,0
101.86,0.00,3697,0
101.86,0.00,3697,0
101.86,0.00,3360,0
101.86,0.00,3054,0
101.85,0.00,3054,0
101.85,0.00,2776,0
101.85,0.00,2523,0
101.83,0.00,2293,0
101.83,0.00,2084,0
101.83,0.00,1894,0
101.83,0.00,1894,0
101.82,0.00,1721,0
101.82,0.00,1721,0
101.82,0.00,1564,0
101.82,0.00,1421,0
101.80,0.00,1421,0
101.80,0.00,1291,0
101.80,0.00,1173,0
101.80,0.00,1173,0
101.78,0.00,1066,0
101.78,0.00,969,0
101.78,0.00,969,0
101.78,0.00,880,0
101.75,0.00,799,0
101.75,0.00,799,0
101.75,0.00,726,0
101.75,0.00,660,0
101.72,0.00,660,0
101.72,0.00,600,0
101.72,0.00,600,0
101.72,0.00,545,0
101.70,0.00,495,0
101.70,0.00,449,0
101.70,0.00,408,0
101.67,0.00,370,0
101.67,0.00,370,0
101.67,0.00,336,0
101.67,0.00,305,0
101.64,0.00,305,0
101.64,0.00,277,0
101.64,0.00,277,0
101.64,0.00,251,0
101.61,0.00,228,0
101.61,0.00,228,0
101.61,0.00,207,0
101.61,0.00,188,0
101.58,0.00,188,0
101.58,0.00,170,0
101.58,0.00,154,0
101.58,0.00,154,0
101.55,0.00,140,0
101.55,0.00,127,0
101.55,0.00,127,0
101.55,0.00,115,0
101.52,0.00,104,0
101.52,0.00,104,0
101.52,0.00,94,0
101.52,0.00,85,0
101.50,0.00,85,0
101.50,0.00,77,0
101.50,0.00,70,0
101.47,0.00,63,0
101.47,0.00,57,0
101.47,0.00,57,0
101.47,0.00,51,0
101.44,0.00,46,0
101.44,0.00,46,0
101.44,0.00,41,0
101.44,0.00,41,0
101.41,0.00,37,0
101.41,0.00,33,0
101.41,0.00,33,0
101.41,0.00,29,0
101.39,0.00,26,0
101.39,0.00,26,0
101.39,0.00,23,0
101.39,0.00,20,0
101.36,0.00,20,0
101.36,0.00,18,0
101.36,0.00,16,0
101.36,0.00,16,0
101.34,0.00,14,0
101.34,0.00,12,0
101.34,0.00,12,0
101.34,0.00,10,0
101.31,0.00,9,0
101.31,0.00,9,0
101.31,0.00,8,0
101.30,0.00,7,0
101.30,0.00,6,0
101.30,0.00,5,0
101.30,0.00,5,0
101.29,0.00,16438,0
101.29,0.00,32766,0
101.29,0.00,32766,0
101.29,0.00,32766,0
101.29,0.00,32766,0
101.29,0.00,32766,0
101.29,0.00,32766,0
101.29,0.00,32766,0
101.30,0.00,32766,0
101.30,0.00,32766,0
101.30,0.00,32766,0
101.30,0.00,32766,0
101.30,0.00,32766,0
101.30,0.00,32766,0
101.30,0.00,32766,0
101.30,0.00,28096,0
101.31,0.00,28096,0
101.31,0.00,24344,0
101.31,0.00,26602,0
101.31,0.00,26602,0
101.32,0.00,25426,0
101.32,0.00,28690,0
101.32,0.00,28574,0
101.33,0.00,28808,0
101.33,0.00,28808,0
101.33,0.00,29396,0
101.33,0.00,28238,0
101.37,0.00,28238,0
101.37,0.00,28090,0
101.37,0.00,26764,0
101.37,0.00,26764,0
101.40,0.00,28076,0
101.40,0.00,24712,0
101.40,0.00,24712,0
101.40,0.00,25358,0
101.44,0.00,25358,0
101.44,0.00,24862,0
101.44,0.00,27196,0
101.44,0.00,27196,0
101.48,0.00,25356,0
101.48,0.00,23406,0
101.48,0.00,23406,0
101.48,0.00,24344,0
101.52,0.00,22506,0
101.52,0.00,22506,0
101.52,0.00,19228,0
101.56,0.00,26292,0
101.56,0.00,30786,0
101.56,0.00,21706,0
101.56,0.00,21706,0
101.59,0.00,25764,0
101.59,0.00,24202,0
101.59,0.00,24202,0
101.59,0.00,22738,0
101.61,0.00,21358,0
101.61,0.00,21358,0
101.61,0.00,20064,0
101.61,0.00,18850,0
101.62,0.00,18850,0
101.62,0.00,17708,0
101.62,0.00,17708,0
101.62,0.00,16634,0
101.63,0.00,15628,0
101.63,0.00,15330,0
101.63,0.00,15330,0
101.63,0.00,19866,0
101.64,0.00,19866,0
101.64,0.00,30228,0
101.64,0.00,24268,0
101.64,0.00,24268,0
101.67,0.00,26180,0
101.67,0.00,23944,0
101.67,0.00,17310,0
101.68,0.00,15736,0
101.68,0.00,15862,0
101.68,0.00,15862,0
101.68,0.00,14419,0
101.71,0.00,12401,0
101.71,0.00,12401,0
101.71,0.00,14548,0
101.71,0.00,12344,0
101.72,0.00,12344,0
101.72,0.00,14023,0
101.72,0.00,14023,0
101.72,0.00,13109,0
101.75,0.00,16155,0
101.75,0.00,11212,0
101.75,0.00,11212,0
101.75,0.00,12420,0
101.76,0.00,12420,0
101.76,0.00,13265,0
101.76,0.00,12687,0
101.76,0.00,12687,0
101.77,0.00,12250,0
101.78,0.00,11507,0
101.77,0.00,10809,0
101.77,0.00,10155,0
101.77,0.00,9231,0
101.77,0.00,8391,0
101.76,0.00,7628,0
101.76,0.00,6934,0
101.76,0.00,6303,0
101.76,0.00,5729,0
101.74,0.00,5208,0
101.74,0.00,4734,0
101.74,0.00,4303,0
101.74,0.00,4303,0
101.72,0.00,3911,0
101.72,0.00,3555,0
101.72,0.00,3555,0
101.72,0.00,3231,0
101.70,0.00,2937,0
101.70,0.00,2937,0
101.70,0.00,2670,0
101.70,0.00,2427,0
101.68,0.00,2427,0
101.68,0.00,2206,0
101.68,0.00,2005,0
101.68,0.00,2005,0
101.66,0.00,1822,0
101.66,0.00,1656,0
101.66,0.00,1505,0
101.63,0.00,1368,0
101.63,0.00,1243,0
101.63,0.00,1243,0
101.63,0.00,1130,0
101.61,0.00,1130,0
101.61,0.00,1027,0
101.61,0.00,933,0
101.61,0.00,933,0
101.58,0.00,848,0
101.58,0.00,770,0
101.58,0.00,770,0
101.58,0.00,700,0
101.55,0.00,700,0
101.55,0.00,636,0
101.55,0.00,578,0
101.55,0.00,578,0
101.52,0.00,525,0
101.52,0.00,477,0
101.52,0.00,477,0
101.52,0.00,433,0
101.49,0.00,393,0
101.49,0.00,393,0
101.49,0.00,357,0
101.49,0.00,324,0
101.47,0.00,294,0
101.47,0.00,267,0
101.47,0.00,242,0
101.43,0.00,242,0
101.43,0.00,219,0
101.43,0.00,199,0
101.43,0.00,199,0
101.40,0.00,180,0
101.40,0.00,180,0
101.40,0.00,163,0
101.40,0.00,148,0
101.37,0.00,148,0
101.37,0.00,134,0
101.37,0.00,121,0
101.37,0.00,121,0
101.33,0.00,109,0
101.33,0.00,99,0
101.33,0.00,99,0
101.33,0.00,89,0
101.29,0.00,89,0
101.29,0.00,80,0
101.29,0.00,72,0
101.29,0.00,72,0
101.26,0.00,65,0
101.26,0.00,59,0
101.26,0.00,59,0
101.26,0.00,53,0
101.23,0.00,48,0
101.23,0.00,43,0
101.23,0.00,39,0
101.20,0.00,35,0
101.20,0.00,35,0
101.20,0.00,31,0
101.20,0.00,28,0
101.17,0.00,28,0
101.17,0.00,25,0
101.17,0.00,25,0
101.17,0.00,22,0
101.16,0.00,27108,0
101.16,0.00,27108,0
101.16,0.00,32766,0
101.16,0.00,32766,0
101.16,0.00,32766,0
101.16,0.00,32766,0
101.16,0.00,32766,0
101.16,0.00,32766,0
101.17,0.00,32766,0
101.17,0.00,32766,0
101.17,0.00,32766,0
101.17,0.00,32766,0
101.18,0.00,32766,0
101.18,0.00,32766,0
101.18,0.00,27042,0
101.20,0.00,26628,0
101.20,0.00,25906,0
101.20,0.00,27206,0
101.20,0.00,27206,0
101.21,0.00,29302,0
101.21,0.00,28334,0
101.21,0.00,28334,0
101.21,0.00,26896,0
101.24,0.00,28546,0
101.24,0.00,28546,0
101.24,0.00,27854,0
101.24,0.00,26844,0
101.28,0.00,26844,0
101.28,0.00,28504,0
101.28,0.00,25210,0
101.28,0.00,25210,0
101.33,0.00,27898,0
101.33,0.00,27880,0
101.33,0.00,27880,0
101.33,0.00,28048,0
101.39,0.00,24020,0
101.39,0.00,24020,0
101.39,0.00,23568,0
101.39,0.00,24936,0
101.44,0.00,24936,0
101.44,0.00,26268,0
101.44,0.00,22324,0
101.49,0.00,21516,0
101.49,0.00,23140,0
101.49,0.00,23140,0
101.49,0.00,19366,0
101.54,0.00,19742,0
101.54,0.00,19742,0
101.54,0.00,19296,0
101.54,0.00,19296,0
101.58,0.00,20416,0
101.58,0.00,16349,0
101.58,0.00,16349,0
101.58,0.00,30634,0
101.61,0.00,19864,0
101.61,0.00,19864,0
101.61,0.00,21196,0
101.61,0.00,19910,0
101.64,0.00,19910,0
101.64,0.00,18702,0
101.64,0.00,17570,0
101.64,0.00,17570,0
101.65,0.00,16504,0
101.65,0.00,15505,0
101.65,0.00,14565,0
101.65,0.00,13682,0
101.65,0.00,13682,0
101.65,0.00,12853,0
101.65,0.00,12074,0
101.66,0.00,12074,0
101.66,0.00,11343,0
101.66,0.00,11343,0
101.66,0.00,10655,0
101.66,0.00,10010,0
101.66,0.00,9100,0
101.66,0.00,9100,0
101.66,0.00,8272,0
101.65,0.00,8272,0
101.65,0.00,7519,0
101.65,0.00,6835,0
101.65,0.00,6835,0
101.65,0.00,6213,0
101.65,0.00,5648,0
101.65,0.00,5648,0
101.65,0.00,5134,0
101.65,0.00,4667,0
101.65,0.00,4667,0
101.65,0.00,4242,0
101.65,0.00,3856,0
101.64,0.00,3505,0
101.64,0.00,22576,0
101.64,0.00,30920,0
101.64,0.00,30920,0
101.64,0.00,32766,0
101.64,0.00,31482,0
101.64,0.00,31482,0
101.66,0.00,27426,0
101.66,0.00,28404,0
101.66,0.00,28404,0
101.66,0.00,17128,0
101.68,0.00,17128,0
101.68,0.00,15570,0
101.68,0.00,14154,0
101.68,0.00,14154,0
101.69,0.00,12867,0
101.69,0.00,10028,0
101.69,0.00,10028,0
101.69,0.00,9116,0
101.72,0.00,8287,0
101.72,0.00,8287,0
101.72,0.00,15621,0
101.72,0.00,27726,0
101.73,0.00,27726,0
101.73,0.00,24986,0
101.74,0.00,22222,0
101.75,0.00,18914,0
101.75,0.00,18216,0
101.75,0.00,20106,0
101.76,0.00,20484,0
101.76,0.00,20488,0
101.76,0.00,17550,0
101.76,0.00,18788,0
101.76,0.00,14700,0
101.76,0.00,16024,0
101.76,0.00,17220,0
101.76,0.00,17220,0
101.77,0.00,16208,0
101.77,0.00,15226,0
101.77,0.00,15226,0
101.77,0.00,14305,0
101.77,0.00,13436,0
101.77,0.00,13436,0
101.77,0.00,12622,0
101.77,0.00,11858,0
101.78,0.00,11858,0
101.78,0.00,11139,0
101.78,0.00,10464,0
101.78,0.00,10464,0
101.77,0.00,9512,0
101.77,0.00,8647,0
101.77,0.00,7860,0
101.76,0.00,7145,0
101.76,0.00,6495,0
101.76,0.00,6495,0
101.76,0.00,5904,0
101.76,0.00,5367,0
101.76,0.00,5367,0
101.76,0.00,4879,0
101.76,0.00,4435,0
101.76,0.00,4435,0
101.76,0.00,4031,0
101.76,0.00,3664,0
101.76,0.00,3664,0
101.75,0.00,3330,0
101.75,0.00,3027,0
101.75,0.00,3027,0
101.75,0.00,2751,0
101.75,0.00,2751,0
101.75,0.00,2500,0
101.75,0.00,2272,0
101.75,0.00,2272,0
101.74,0.00,2065,0
101.74,0.00,1877,0
101.74,0.00,1877,0
101.73,0.00,1706,0
101.73,0.00,1550,0
101.73,0.00,1409,0
101.73,0.00,1280,0
101.72,0.00,1280,0
101.72,0.00,1163,0
101.72,0.00,1057,0
101.72,0.00,1057,0
101.72,0.00,960,0
101.72,0.00,872,0
101.72,0.00,872,0
101.72,0.00,792,0
101.71,0.00,792,0
101.71,0.00,719,0
101.71,0.00,653,0
101.71,0.00,653,0
101.71,0.00,593,0
101.71,0.00,539,0
101.71,0.00,539,0
101.71,0.00,489,0
101.70,0.00,444,0
101.70,0.00,444,0
101.70,0.00,403,0
101.70,0.00,366,0
101.70,0.00,366,0
101.70,0.00,332,0
101.70,0.00,301,0
101.69,0.00,273,0
101.69,0.00,248,0
101.69,0.00,248,0
101.69,0.00,225,0
101.69,0.00,204,0
101.69,0.00,204,0
101.69,0.00,185,0
101.69,0.00,185,0
101.68,0.00,168,0
101.68,0.00,152,0
101.68,0.00,138,0
101.68,0.00,138,0
101.68,0.00,125,0
101.68,0.00,125,0
101.68,0.00,113,0
101.68,0.00,102,0
101.68,0.00,102,0
101.68,0.00,92,0
101.68,0.00,83,0
101.68,0.00,83,0
101.67,0.00,75,0
101.67,0.00,68,0
101.67,0.00,68,0
101.67,0.00,61,0
101.67,0.00,55,0
101.67,0.00,55,0
101.67,0.00,49,0
101.66,0.00,44,0
101.66,0.00,40,0
101.66,0.00,36,0
101.66,0.00,36,0
101.66,0.00,32,0
101.66,0.00,29,0
101.66,0.00,29,0
101.66,0.00,26,0
101.66,0.00,23,0
101.66,0.00,23,0
101.66,0.00,20,0
101.66,0.00,20,0
101.65,0.00,18,0
101.65,0.00,16,0
101.65,0.00,14,0
101.65,0.00,14,0
101.65,0.00,12,0
101.65,0.00,12,0
101.65,0.00,10,0
101.65,0.00,9,0
101.65,0.00,9,0
101.65,0.00,8,0
101.65,0.00,7,0
101.65,0.00,7,0
101.65,0.00,6,0
101.65,0.00,5,0
101.65,0.00,5,0
101.65,0.00,4,0
101.64,0.00,3,0
101.64,0.00,2,0
101.64,0.00,1,0
101.64,0.00,0,0
101.64,0.00,0,0
101.64,0.00,0,0
101.64,0.00,0,0
101.64,0.00,0,0
101.64,0.00,0,0
101.64,0.00,0,0
101.64,0.00,0,0
101.63,0.00,0,0
101.63,0.00,0,0
101.63,0.00,0,0
101.63,0.00,0,0
101.62,0.00,0,0
101.62,0.00,0,0
101.62,0.00,0,0
101.62,0.00,0,0
101.61,0.00,0,0
101.61,0.00,0,0
101.61,0.00,0,0
101.61,0.00,0,0
101.59,0.00,0,0
101.59,0.00,0,0
101.59,0.00,0,0
101.59,0.00,0,0
101.57,0.00,0,0
101.57,0.00,0,0
101.57,0.00,0,0
101.57,0.00,0,0
101.56,0.00,0,0
101.56,0.00,0,0
101.56,0.00,0,0
101.54,0.00,0,0
101.54,0.00,0,0
101.54,0.00,0,0
101.54,0.00,0,0
101.52,0.00,0,0
101.52,0.00,0,0
101.52,0.00,0,0
101.52,0.00,0,0
101.50,0.00,0,0
101.50,0.00,0,0
101.50,0.00,0,0
101.50,0.00,0,0
101.49,0.00,0,0
101.49,0.00,0,0
101.49,0.00,0,0
101.49,0.00,0,0
101.48,0.00,0,0
101.48,0.00,0,0
101.48,0.00,0,0
101.48,0.00,0,0
101.46,0.00,0,0
101.46,0.00,0,0
101.46,0.00,0,0
101.46,0.00,0,0
101.44,0.00,0,0
101.44,0.00,0,0
101.44,0.00,0,0
101.42,0.00,0,0
101.42,0.00,0,0
101.42,0.00,0,0
101.42,0.00,0,0
101.40,0.00,0,0
101.40,0.00,0,0
101.40,0.00,0,0
101.40,0.00,0,0
101.39,0.00,0,0
101.39,0.00,0,0
101.39,0.00,0,0
101.39,0.00,0,0
101.37,0.00,0,0
101.37,0.00,0,0
101.37,0.00,0,0
101.37,0.00,0,0
101.36,0.00,0,0
101.36,0.00,0,0
101.36,0.00,0,0
101.36,0.00,0,0
101.34,0.00,0,0
101.34,0.00,0,0
101.34,0.00,0,0
101.34,0.00,0,0
101.33,0.00,0,0
101.33,0.00,0,0
101.33,0.00,0,0
101.33,0.00,0,0
101.31,0.00,0,0
101.31,0.00,0,0
101.29,0.00,0,0
101.27,0.00,0,0
101.27,0.00,0,0
101.27,0.00,0,0
101.26,0.00,0,0
101.26,0.00,0,0
101.26,0.00,0,0
101.26,0.00,0,0
101.24,0.00,0,0
101.24,0.00,0,0
101.24,0.00,0,0
101.24,0.00,0,0
101.23,0.00,0,0
101.23,0.00,0,0
101.23,0.00,0,0
101.23,0.00,0,0
101.22,0.00,0,0
101.22,0.00,0,0
101.22,0.00,0,0
101.22,0.00,0,0
101.21,0.00,0,0
101.21,0.00,0,0
101.21,0.00,0,0
101.21,0.00,0,0
101.19,0.00,0,0
101.19,0.00,0,0
101.19,0.00,0,0
101.19,0.00,0,0
101.18,0.00,0,0
101.18,0.00,0,0
101.18,0.00,0,0
101.17,0.00,0,0
101.17,0.00,0,0
101.17,0.00,0,0
101.17,0.00,0,0
101.16,0.00,0,0
101.16,0.00,0,0
101.16,0.00,0,0
101.16,0.00,0,0
101.15,0.00,0,0
101.15,0.00,0,0
101.15,0.00,0,0
101.15,0.00,0,0
101.13,0.00,0,0
101.13,0.00,0,0
101.13,0.00,0,0
101.13,0.00,0,0
101.13,0.00,0,0
101.13,0.00,0,0
101.13,0.00,0,0
101.13,0.00,0,0
101.12,0.00,0,0
101.12,0.00,0,0
101.12,0.00,0,0
101.12,0.00,0,0
101.11,0.00,0,0
101.11,0.00,0,0
101.11,0.00,0,0
101.11,0.00,0,0
101.10,0.00,0,0
101.10,0.00,0,0
101.10,0.00,0,0
101.09,0.00,0,0
101.09,0.00,0,0
101.09,0.00,0,0
101.09,0.00,0,0
101.08,0.00,0,0
101.08,0.00,0,0
101.08,0.00,0,0
101.08,0.00,0,0
101.07,0.00,0,0
101.07,0.00,0,0
101.07,0.00,0,0
101.07,0.00,0,0
101.06,0.00,0,0
101.06,0.00,0,0
101.06,0.00,0,0
101.06,0.00,0,0
101.06,0.00,0,0
101.06,0.00,0,0
101.06,0.00,0,0
101.06,0.00,0,0
101.05,0.00,0,0
101.05,0.00,0,0
101.05,0.00,0,0
101.05,0.00,0,0
101.04,0.00,0,0
101.04,0.00,0,0
101.04,0.00,0,0
101.04,0.00,0,0
101.04,0.00,0,0
101.04,0.00,0,0
101.04,0.00,0,0
101.02,0.00,0,0
101.02,0.00,0,0
101.02,0.00,0,0
101.02,0.00,0,0
101.02,0.00,0,0
101.02,0.00,0,0
101.02,0.00,0,0
101.02,0.00,0,0
101.01,0.00,0,0
101.01,0.00,0,0
101.01,0.00,0,0
101.01,0.00,0,0
101.00,0.00,0,0
101.00,0.00,0,0
101.00,0.00,0,0
101.00,0.00,0,0
100.99,0.00,0,0
100.99,0.00,0,0
100.99,0.00,0,0
100.99,0.00,0,0
100.99,0.00,0,0
100.99,0.00,0,0
100.99,0.00,0,0
100.99,0.00,0,0
100.97,0.00,0,0
100.97,0.00,0,0
100.97,0.00,0,0
100.97,0.00,0,0
100.97,0.00,0,0
100.97,0.00,0,0
100.97,0.00,0,0
100.96,0.00,0,0
100.96,0.00,0,0
100.96,0.00,0,0
100.96,0.00,0,0
100.95,0.00,0,0
100.95,0.00,0,0
100.95,0.00,0,0
100.95,0.00,0,0
100.95,0.00,0,0
100.95,0.00,0,0
100.95,0.00,0,0
100.95,0.00,0,0
100.94,0.00,0,0
100.94,0.00,0,0
100.94,0.00,0,0
100.94,0.00,0,0
100.94,0.00,0,0
100.94,0.00,0,0
100.94,0.00,0,0
100.94,0.00,0,0
100.94,0.00,0,0
100.94,0.00,0,0
100.94,0.00,0,0
100.94,0.00,0,0
100.94,0.00,0,0
100.94,0.00,0,0
100.94,0.00,0,0
100.94,0.00,0,0
100.94,0.00,0,0
100.94,0.00,0,0
100.94,0.00,0,0
100.94,0.00,0,0
100.94,0.00,0,0
100.94,0.00,0,0
100.94,0.00,0,0
100.94,0.00,0,0
100.94,0.00,0,0
100.94,0.00,0,0
100.94,0.00,0,0
100.95,0.00,0,0
100.95,0.00,0,0
100.95,0.00,0,0
100.95,0.00,0,0
100.96,0.00,0,0
100.96,0.00,0,0
100.96,0.00,0,0
100.96,0.00,0,0
100.96,0.00,0,0
100.96,0.00,0,0
100.96,0.00,0,0
100.96,0.00,0,0
100.97,0.00,0,0
100.97,0.00,0,0
100.97,0.00,0,0
100.97,0.00,0,0
100.99,0.00,0,0
100.99,0.00,0,0
100.99,0.00,0,0
101.00,0.00,0,0
101.00,0.00,0,0
101.00,0.00,0,0
101.00,0.00,0,0
101.00,0.00,0,0
101.00,0.00,0,0
101.00,0.00,0,0
101.00,0.00,0,0
101.01,0.00,0,0
101.01,0.00,0,0
101.01,0.00,0,0
101.01,0.00,0,0
101.01,0.00,0,0
101.01,0.00,0,0
101.01,0.00,0,0
101.01,0.00,0,0
101.02,0.00,0,0
101.02,0.00,0,0
101.02,0.00,0,0
101.02,0.00,0,0
101.03,0.00,0,0
101.03,0.00,0,0
101.03,0.00,0,0
101.03,0.00,0,0
101.04,0.00,0,0
101.04,0.00,0,0
101.04,0.00,0,0
101.04,0.00,0,0
101.05,0.00,0,0
101.05,0.00,0,0
101.05,0.00,0,0
101.06,0.00,0,0
101.06,0.00,0,0
101.06,0.00,0,0
101.06,0.00,0,0
101.08,0.00,0,0
101.08,0.00,0,0
101.08,0.00,0,0
101.08,0.00,0,0
101.09,0.00,0,0
101.09,0.00,0,0
101.09,0.00,0,0
101.09,0.00,0,0
101.11,0.00,0,0
101.11,0.00,0,0
101.11,0.00,0,0
101.11,0.00,0,0
101.12,0.00,0,0
101.12,0.00,0,0
101.12,0.00,0,0
101.12,0.00,0,0
101.13,0.00,0,0
101.13,0.00,0,0
101.13,0.00,0,0
101.13,0.00,0,0
101.15,0.00,0,0
101.15,0.00,0,0
101.15,0.00,0,0
101.15,0.00,0,0
101.16,0.00,0,0
101.18,0.00,0,0
101.19,0.00,0,0
101.19,0.00,0,0
101.19,0.00,0,0
101.19,0.00,0,0
101.20,0.00,0,0
101.20,0.00,0,0
101.20,0.00,0,0
101.20,0.00,0,0
101.22,0.00,0,0
101.22,0.00,0,0
101.22,0.00,0,0
101.22,0.00,0,0
101.23,0.00,0,0
101.23,0.00,0,0
101.23,0.00,0,0
101.23,0.00,0,0
101.25,0.00,0,0
101.25,0.00,0,0
101.25,0.00,0,0
101.25,0.00,0,0
101.25,0.00,0,0
101.25,0.00,0,0
101.25,0.00,0,0
101.25,0.00,0,0
101.26,0.00,0,0
101.26,0.00,0,0
101.26,0.00,0,0
101.26,0.00,0,0
101.27,0.00,0,0
101.27,0.00,0,0
101.27,0.00,0,0
101.28,0.00,0,0
101.28,0.00,0,0
101.28,0.00,0,0
101.28,0.00,0,0
101.29,0.00,0,0
101.29,0.00,0,0
101.29,0.00,0,0
101.29,0.00,0,0
101.30,0.00,0,0
101.30,0.00,0,0
101.30,0.00,0,0
101.30,0.00,0,0
101.31,0.00,0,0
101.31,0.00,0,0
101.31,0.00,0,0
101.31,0.00,0,0
101.32,0.00,0,0
101.32,0.00,0,0
101.32,0.00,0,0
101.32,0.00,0,0
101.33,0.00,0,0
101.33,0.00,0,0
101.33,0.00,0,0
101.33,0.00,0,0
101.34,0.00,0,0
101.34,0.00,0,0
101.34,0.00,0,0
101.34,0.00,0,0
101.34,0.00,0,0
101.34,0.00,0,0
101.34,0.00,0,0
101.35,0.00,0,0
101.35,0.00,0,0
101.35,0.00,0,0
101.35,0.00,0,0
101.35,0.00,0,0
101.35,0.00,0,0
101.35,0.00,0,0
101.35,0.00,0,0
101.36,0.00,0,0
101.36,0.00,0,0
101.36,0.00,0,0
101.36,0.00,0,0
101.37,0.00,0,0
101.37,0.00,0,0
101.37,0.00,0,0
101.37,0.00,0,0
101.38,0.00,0,0
101.38,0.00,0,0
101.38,0.00,0,0
101.38,0.00,0,0
101.38,0.00,0,0
101.38,0.00,0,0
101.38,0.00,0,0
101.38,0.00,0,0
101.39,0.00,0,0
101.39,0.00,0,0
101.39,0.00,0,0
101.39,0.00,0,0
101.39,0.00,0,0
101.39,0.00,0,0
101.39,0.00,0,0
101.40,0.00,0,0
101.40,0.00,0,0
101.40,0.00,0,0
101.40,0.00,0,0
101.40,0.00,0,0
101.40,0.00,0,0
101.40,0.00,0,0
101.40,0.00,0,0
101.41,0.00,0,0
101.41,0.00,0,0
101.41,0.00,0,0
101.41,0.00,0,0
101.42,0.00,0,0
101.42,0.00,0,0
101.42,0.00,0,0
101.42,0.00,0,0
101.42,0.00,0,0
101.42,0.00,0,0
101.42,0.00,0,0
101.42,0.00,0,0
101.43,0.00,0,0
101.43,0.00,0,0
101.43,0.00,0,0
101.43,0.00,0,0
101.43,0.00,0,0
101.43,0.00,0,0
101.43,0.00,0,0
101.43,0.00,0,0
101.43,0.00,0,0
101.43,0.00,0,0
101.43,0.00,0,0
101.44,0.00,0,0
101.44,0.00,0,0
101.44,0.00,0,0
101.44,0.00,0,0
101.44,0.00,0,0
101.44,0.00,0,0
101.44,0.00,0,0
101.44,0.00,0,0
101.45,0.00,0,0
101.45,0.00,0,0
101.45,0.00,0,0
101.45,0.00,0,0
101.45,0.00,0,0
101.45,0.00,0,0
101.45,0.00,0,0
101.45,0.00,0,0
101.45,0.00,0,0
101.45,0.00,0,0
101.45,0.00,0,0
101.45,0.00,0,0
101.46,0.00,0,0
101.46,0.00,0,0
101.46,0.00,0,0
101.46,0.00,0,0
101.46,0.00,0,0
101.46,0.00,0,0
101.46,0.00,0,0
101.46,0.00,0,0
101.46,0.00,0,0
101.46,0.00,0,0
101.46,0.00,0,0
101.46,0.00,0,0
101.46,0.00,0,0
101.46,0.00,0,0
101.46,0.00,0,0
101.47,0.00,0,0
101.47,0.00,0,0
101.47,0.00,0,0
101.47,0.00,0,0
101.47,0.00,0,0
101.47,0.00,0,0
101.47,0.00,0,0
101.47,0.00,0,0
101.47,0.00,0,0
101.47,0.00,0,0
101.47,0.00,0,0
101.47,0.00,0,0
101.48,0.00,0,0
101.48,0.00,0,0
101.48,0.00,0,0
101.48,0.00,0,0
101.48,0.00,0,0
101.48,0.00,0,0
101.48,0.00,0,0
101.48,0.00,0,0
101.48,0.00,0,0
101.48,0.00,0,0
101.48,0.00,0,0
101.49,0.00,0,0
101.49,0.00,0,0
101.49,0.00,0,0
101.49,0.00,0,0
101.48,0.00,0,0
101.48,0.00,0,0
101.48,0.00,0,0
101.48,0.00,0,0
101.48,0.00,0,0
101.48,0.00,0,0
101.48,0.00,0,0
101.48,0.00,0,0
101.48,0.00,0,0
101.48,0.00,0,0
101.48,0.00,0,0
101.48,0.00,0,0
101.49,0.00,0,0
101.49,0.00,0,0
101.49,0.00,0,0
101.49,0.00,0,0
101.49,0.00,0,0
101.49,0.00,0,0
101.49,0.00,0,0
101.49,0.00,0,0
101.49,0.00,0,0
101.49,0.00,0,0
101.49,0.00,0,0
101.49,0.00,0,0
101.49,0.00,0,0
101.49,0.00,0,0
101.49,0.00,0,0
101.49,0.00,0,0
101.49,0.00,0,0
101.49,0.00,0,0
101.49,0.00,0,0
101.50,0.00,0,0
101.50,0.00,0,0
101.50,0.00,0,0
101.50,0.00,0,0
101.49,0.00,0,0
101.49,0.00,0,0
101.49,0.00,0,0
101.49,0.00,0,0
101.50,0.00,0,0
101.50,0.00,0,0
101.50,0.00,0,0
101.50,0.00,0,0
101.50,0.00,0,0
101.50,0.00,0,0
101.50,0.00,0,0
101.50,0.00,0,0
101.50,0.00,0,0
101.50,0.00,0,0
101.50,0.00,0,0
101.50,0.00,0,0
101.49,0.00,0,0
101.49,0.00,0,0
101.49,0.00,0,0
101.49,0.00,0,0
101.49,0.00,0,0
101.49,0.00,0,0
101.49,0.00,0,0
101.49,0.00,0,0
101.49,0.00,0,0
101.49,0.00,0,0
101.50,0.00,0,0
101.50,0.00,0,0
101.50,0.00,0,0
101.50,0.00,0,0
101.49,0.00,0,0
101.49,0.00,0,0
101.49,0.00,0,0
101.49,0.00,0,0
101.49,0.00,0,0
101.49,0.00,0,0
101.49,0.00,0,0
101.49,0.00,0,0
101.49,0.00,0,0
101.49,0.00,0,0
101.49,0.00,0,0
101.49,0.00,0,0
101.49,0.00,0,0
101.49,0.00,0,0
101.49,0.00,0,0
101.49,0.00,0,0
101.49,0.00,0,0
101.49,0.00,0,0
101.49,0.00,0,0
101.49,0.00,0,0
101.49,0.00,0,0
101.49,0.00,0,0
101.49,0.00,0,0
101.48,0.00,0,0
101.48,0.00,0,0
101.48,0.00,0,0
101.48,0.00,0,0
101.48,0.00,0,0
101.48,0.00,0,0
101.48,0.00,0,0
101.48,0.00,0,0
101.48,0.00,0,0
101.48,0.00,0,0
101.48,0.00,0,0
101.48,0.00,0,0
101.48,0.00,0,0
101.48,0.00,0,0
101.48,0.00,0,0
101.48,0.00,0,0
101.48,0.00,0,0
101.48,0.00,0,0
101.48,0.00,0,0
101.48,0.00,0,0
101.48,0.00,0,0
101.48,0.00,0,0
101.48,0.00,0,0
101.48,0.00,0,0
101.48,0.00,0,0
101.48,0.00,0,0
101.48,0.00,0,0
101.47,0.00,0,0
101.47,0.00,0,0
101.47,0.00,0,0
101.47,0.00,0,0
101.47,0.00,0,0
101.47,0.00,0,0
101.47,0.00,0,0
101.47,0.00,0,0
101.47,0.00,0,0
101.47,0.00,0,0
101.47,0.00,0,0
101.47,0.00,0,0
101.47,0.00,0,0
101.47,0.00,0,0
101.47,0.00,0,0
101.47,0.00,0,0
101.47,0.00,0,0
101.47,0.00,0,0
101.47,0.00,0,0
101.47,0.00,0,0
101.46,0.00,0,0
101.46,0.00,0,0
101.46,0.00,0,0
101.46,0.00,0,0
101.46,0.00,0,0
101.46,0.00,0,0
101.46,0.00,0,0
101.46,0.00,0,0
101.46,0.00,0,0
101.46,0.00,0,0
101.46,0.00,0,0
101.45,0.00,0,0
101.45,0.00,0,0
101.45,0.00,0,0
101.45,0.00,0,0
101.45,0.00,0,0
101.45,0.00,0,0
101.45,0.00,0,0
101.45,0.00,0,0
101.44,0.00,0,0
101.44,0.00,0,0
101.44,0.00,0,0
101.44,0.00,0,0
101.44,0.00,0,0
101.44,0.00,0,0
101.44,0.00,0,0
101.44,0.00,0,0
101.43,0.00,0,0
101.43,0.00,0,0
101.43,0.00,0,0
101.43,0.00,0,0
101.43,0.00,0,0
101.43,0.00,0,0
101.43,0.00,0,0
101.43,0.00,0,0
101.42,0.00,0,0
101.42,0.00,0,0
101.42,0.00,0,0
101.41,0.00,0,0
101.41,0.00,0,0
101.41,0.00,0,0
101.41,0.00,0,0
101.40,0.00,0,0
101.40,0.00,0,0
101.40,0.00,0,0
101.40,0.00,0,0
101.39,0.00,0,0
101.39,0.00,0,0
101.39,0.00,0,0
101.39,0.00,0,0
101.39,0.00,0,0
101.39,0.00,0,0
101.39,0.00,0,0
101.39,0.00,0,0
101.38,0.00,0,0
101.38,0.00,0,0
101.38,0.00,0,0
101.38,0.00,0,0
101.37,0.00,0,0
101.37,0.00,0,0
101.37,0.00,0,0
101.37,0.00,0,0
101.36,0.00,0,0
101.36,0.00,0,0
101.36,0.00,0,0
101.36,0.00,0,0
101.35,0.00,0,0
101.35,0.00,0,0
101.35,0.00,0,0
101.35,0.00,0,0
101.35,0.00,0,0
101.35,0.00,0,0
101.35,0.00,0,0
101.34,0.00,0,0
101.34,0.00,0,0
101.34,0.00,0,0
101.34,0.00,0,0
101.33,0.00,0,0
101.33,0.00,0,0
101.33,0.00,0,0
101.33,0.00,0,0
101.32,0.00,0,0
101.32,0.00,0,0
101.32,0.00,0,0
101.32,0.00,0,0
101.32,0.00,0,0
101.32,0.00,0,0
101.32,0.00,0,0
101.32,0.00,0,0
101.31,0.00,0,0
101.31,0.00,0,0
101.31,0.00,0,0
101.31,0.00,0,0
101.30,0.00,0,0
101.30,0.00,0,0
101.30,0.00,0,0
101.30,0.00,0,0
101.29,0.00,0,0
101.29,0.00,0,0
101.29,0.00,0,0
101.28,0.00,0,0
101.28,0.00,0,0
101.28,0.00,0,0
101.28,0.00,0,0
101.27,0.00,0,0
101.27,0.00,0,0
101.27,0.00,0,0
101.27,0.00,0,0
101.26,0.00,0,0
101.26,0.00,0,0
101.26,0.00,0,0
101.26,0.00,0,0
101.26,0.00,0,0
101.26,0.00,0,0
101.26,0.00,0,0
101.26,0.00,0,0
101.25,0.00,0,0
101.25,0.00,0,0
101.25,0.00,0,0
101.25,0.00,0,0
101.24,0.00,0,0
101.24,0.00,0,0
101.24,0.00,0,0
101.24,0.00,0,0
101.24,0.00,0,0
101.24,0.00,0,0
101.24,0.00,0,0
101.24,0.00,0,0
101.23,0.00,0,0
101.23,0.00,0,0
101.23,0.00,0,0
101.23,0.00,0,0
101.23,0.00,0,0
101.23,0.00,0,0
101.23,0.00,0,0
101.22,0.00,0,0
101.22,0.00,0,0
101.22,0.00,0,0
101.22,0.00,0,0
101.21,0.00,0,0
101.21,0.00,0,0
101.21,0.00,0,0
101.21,0.00,0,0
101.21,0.00,0,0
101.21,0.00,0,0
101.21,0.00,0,0
101.21,0.00,0,0
101.21,0.00,0,0
101.21,0.00,0,0
101.21,0.00,0,0
101.21,0.00,0,0
101.20,0.00,0,0
101.20,0.00,0,0
101.20,0.00,0,0
101.20,0.00,0,0
101.20,0.00,0,0
101.20,0.00,0,0
101.20,0.00,0,0
101.20,0.00,0,0
101.19,0.00,0,0
101.18,0.00,0,0
101.18,0.00,0,0
101.17,0.00,0,0
101.17,0.00,0,0
101.17,0.00,0,0
101.17,0.00,0,0
101.17,0.00,0,0
101.17,0.00,0,0
101.17,0.00,0,0
101.17,0.00,0,0
101.17,0.00,0,0
101.17,0.00,0,0
101.17,0.00,0,0
101.17,0.00,0,0
101.17,0.00,0,0
101.17,0.00,0,0
101.17,0.00,0,0
101.17,0.00,0,0
101.16,0.00,0,0
101.16,0.00,0,0
101.16,0.00,0,0
101.16,0.00,0,0
101.16,0.00,0,0
101.16,0.00,0,0
101.16,0.00,0,0
101.16,0.00,0,0
101.15,0.00,0,0
101.15,0.00,0,0
101.15,0.00,0,0
101.15,0.00,0,0
101.15,0.00,0,0
101.15,0.00,0,0
101.15,0.00,0,0
101.15,0.00,0,0
101.15,0.00,0,0
101.15,0.00,0,0
101.14,0.00,0,0
101.14,0.00,0,0
101.14,0.00,0,0
101.14,0.00,0,0
101.15,0.00,0,0
101.15,0.00,0,0
101.15,0.00,0,0
101.15,0.00,0,0
101.14,0.00,0,0
101.14,0.00,0,0
101.14,0.00,0,0
101.14,0.00,0,0
101.15,0.00,0,0
101.15,0.00,0,0
101.15,0.00,0,0
101.15,0.00,0,0
101.15,0.00,0,0
101.15,0.00,0,0
101.15,0.00,0,0
101.15,0.00,0,0
101.16,0.00,0,0
101.16,0.00,0,0
101.16,0.00,0,0
101.16,0.00,0,0
101.16,0.00,0,0
101.16,0.00,0,0
101.16,0.00,0,0
101.17,0.00,0,0
101.17,0.00,0,0
101.17,0.00,0,0
101.17,0.00,0,0
101.18,0.00,0,0
101.18,0.00,0,0
101.18,0.00,0,0
101.18,0.00,0,0
101.18,0.00,0,0
101.18,0.00,0,0
101.18,0.00,0,0
101.18,0.00,0,0
101.19,0.00,0,0
101.19,0.00,0,0
101.19,0.00,0,0
101.19,0.00,0,0
101.20,0.00,0,0
101.20,0.00,0,0
101.20,0.00,0,0
101.20,0.00,0,0
101.20,0.00,0,0
101.20,0.00,0,0
101.20,0.00,0,0
101.20,0.00,0,0
101.21,0.00,0,0
101.21,0.00,0,0
101.21,0.00,0,0
101.21,0.00,0,0
101.21,0.00,0,0
101.21,0.00,0,0
101.21,0.00,0,0
101.21,0.00,0,0
101.21,0.00,0,0
101.21,0.00,0,0
101.21,0.00,0,0
101.22,0.00,0,0
101.22,0.00,0,0
101.22,0.00,0,0
101.22,0.00,0,0
101.22,0.00,0,0
101.22,0.00,0,0
101.22,0.00,0,0
101.22,0.00,0,0
101.23,0.00,0,0
101.23,0.00,0,0
101.23,0.00,0,0
101.23,0.00,0,0
101.24,0.00,0,0
101.24,0.00,0,0
101.24,0.00,0,0
101.24,0.00,0,0
101.24,0.00,0,0
101.24,0.00,0,0
101.24,0.00,0,0
101.24,0.00,0,0
101.24,0.00,0,0
101.24,0.00,0,0
101.24,0.00,0,0
101.25,0.00,0,0
101.25,0.00,0,0
101.25,0.00,0,0
101.25,0.00,0,0
101.25,0.00,0,0
101.25,0.00,0,0
101.25,0.00,0,0
101.25,0.00,0,0
101.26,0.00,0,0
101.26,0.00,0,0
101.26,0.00,0,0
101.26,0.00,0,0
101.27,0.00,0,0
101.27,0.00,0,0
101.27,0.00,0,0
101.27,0.00,0,0
101.27,0.00,0,0
101.27,0.00,0,0
101.27,0.00,0,0
101.27,0.00,0,0
101.28,0.00,0,0
101.28,0.00,0,0
101.28,0.00,0,0
101.28,0.00,0,0
101.29,0.00,0,0
101.29,0.00,0,0
101.29,0.00,0,0
101.29,0.00,0,0
101.30,0.00,0,0
101.30,0.00,0,0
101.30,0.00,0,0
101.30,0.00,0,0
101.30,0.00,0,0
101.30,0.00,0,0
101.30,0.00,0,0
101.31,0.00,0,0
101.31,0.00,0,0
101.31,0.00,0,0
101.31,0.00,0,0
101.32,0.00,0,0
101.32,0.00,0,0
101.32,0.00,0,0
101.32,0.00,0,0
101.32,0.00,0,0
101.32,0.00,0,0
101.32,0.00,0,0
101.32,0.00,0,0
101.33,0.00,0,0
101.33,0.00,0,0
101.33,0.00,0,0
101.33,0.00,0,0
101.33,0.00,0,0
101.33,0.00,0,0
101.33,0.00,0,0
101.33,0.00,0,0
101.35,0.00,0,0
101.35,0.00,0,0
101.35,0.00,0,0
101.35,0.00,0,0
101.34,0.00,0,0
101.34,0.00,0,0
101.35,0.00,0,0
101.35,0.00,0,0
101.35,0.00,0,0
101.35,0.00,0,0
101.36,0.00,0,0
101.36,0.00,0,0
101.36,0.00,0,0
101.36,0.00,0,0
101.36,0.00,0,0
101.36,0.00,0,0
101.36,0.00,0,0
101.36,0.00,0,0
101.37,0.00,0,0
101.37,0.00,0,0
101.37,0.00,0,0
101.37,0.00,0,0
101.38,0.00,0,0
101.38,0.00,0,0
101.38,0.00,0,0
101.38,0.00,0,0
101.38,0.00,0,0
101.38,0.00,0,0
101.38,0.00,0,0
101.38,0.00,0,0
101.39,0.00,0,0
101.39,0.00,0,0
101.39,0.00,0,0
101.39,0.00,0,0
101.39,0.00,0,0
101.39,0.00,0,0
101.39,0.00,0,0
101.39,0.00,0,0
101.39,0.00,0,0
101.39,0.00,0,0
101.39,0.00,0,0
101.40,0.00,0,0
101.40,0.00,0,0
101.40,0.00,0,0
101.40,0.00,0,0
101.40,0.00,0,0
101.40,0.00,0,0
101.40,0.00,0,0
101.40,0.00,0,0
101.40,0.00,0,0
101.40,0.00,0,0
101.40,0.00,0,0
101.40,0.00,0,0
101.41,0.00,0,0
101.41,0.00,0,0
101.41,0.00,0,0
101.41,0.00,0,0
101.41,0.00,0,0
101.41,0.00,0,0
101.41,0.00,0,0
101.41,0.00,0,0
101.42,0.00,0,0
101.42,0.00,0,0
101.42,0.00,0,0
101.42,0.00,0,0
101.42,0.00,0,0
101.42,0.00,0,0
101.42,0.00,0,0
101.42,0.00,0,0
101.42,0.00,0,0
101.42,0.00,0,0
101.42,0.00,0,0
101.42,0.00,0,0
101.42,0.00,0,0
101.42,0.00,0,0
101.43,0.00,0,0
101.43,0.00,0,0
101.43,0.00,0,0
101.43,0.00,0,0
101.43,0.00,0,0
101.43,0.00,0,0
101.43,0.00,0,0
101.43,0.00,0,0
101.44,0.00,0,0
101.44,0.00,0,0
101.44,0.00,0,0
101.44,0.00,0,0
101.43,0.00,0,0
101.43,0.00,0,0
101.43,0.00,0,0
101.43,0.00,0,0
101.44,0.00,0,0
101.44,0.00,0,0
101.44,0.00,0,0
101.44,0.00,0,0
101.44,0.00,0,0
101.44,0.00,0,0
101.44,0.00,0,0
101.44,0.00,0,0
101.44,0.00,0,0
101.44,0.00,0,0
101.44,0.00,0,0
101.45,0.00,0,0
101.45,0.00,0,0
101.45,0.00,0,0
101.45,0.00,0,0
101.45,0.00,0,0
101.45,0.00,0,0
101.45,0.00,0,0
101.45,0.00,0,0
101.44,0.00,0,0
101.44,0.00,0,0
101.44,0.00,0,0
101.44,0.00,0,0
101.45,0.00,0,0
101.45,0.00,0,0
101.45,0.00,0,0
101.45,0.00,0,0
101.45,0.00,0,0
101.45,0.00,0,0
101.45,0.00,0,0
101.45,0.00,0,0
101.45,0.00,0,0
101.45,0.00,0,0
101.45,0.00,0,0
101.46,0.00,0,0
101.46,0.00,0,0
101.46,0.00,0,0
101.46,0.00,0,0
101.45,0.00,0,0
101.45,0.00,0,0
101.45,0.00,0,0
101.45,0.00,0,0
101.45,0.00,0,0
101.45,0.00,0,0
101.45,0.00,0,0
101.45,0.00,0,0
101.46,0.00,0,0
101.46,0.00,0,0
101.46,0.00,0,0
101.46,0.00,0,0
101.45,0.00,0,0
101.45,0.00,0,0
101.45,0.00,0,0
101.45,0.00,0,0
101.45,0.00,0,0
101.45,0.00,0,0
101.45,0.00,0,0
101.45,0.00,0,0
101.45,0.00,0,0
101.45,0.00,0,0
101.45,0.00,0,0
101.45,0.00,0,0
101.46,0.00,0,0
101.46,0.00,0,0
101.46,0.00,0,0
101.46,0.00,0,0
101.46,0.00,0,0
101.46,0.00,0,0
101.46,0.00,0,0
101.45,0.00,0,0
101.45,0.00,0,0
101.45,0.00,0,0
101.45,0.00,0,0
101.46,0.00,0,0
101.46,0.00,0,0
101.46,0.00,0,0
101.46,0.00,0,0
101.46,0.00,0,0
101.46,0.00,0,0
101.46,0.00,0,0
101.46,0.00,0,0
101.46,0.00,0,0
101.46,0.00,0,0
101.46,0.00,0,0
101.46,0.00,0,0
101.46,0.00,0,0
101.46,0.00,0,0
101.46,0.00,0,0
101.46,0.00,0,0
101.46,0.00,0,0
101.46,0.00,0,0
101.46,0.00,0,0
101.46,0.00,0,0
101.46,0.00,0,0
101.46,0.00,0,0
101.46,0.00,0,0
101.46,0.00,0,0
101.46,0.00,0,0
101.46,0.00,0,0
101.46,0.00,0,0
101.46,0.00,0,0
101.46,0.00,0,0
101.46,0.00,0,0
101.46,0.00,0,0
101.45,0.00,0,0
101.45,0.00,0,0
101.45,0.00,0,0
101.45,0.00,0,0
101.46,0.00,0,0
101.46,0.00,0,0
101.46,0.00,0,0
101.46,0.00,0,0
101.46,0.00,0,0
101.46,0.00,0,0
101.46,0.00,0,0
101.46,0.00,0,0
101.45,0.00,0,0
101.45,0.00,0,0
101.45,0.00,0,0
101.45,0.00,0,0
101.45,0.00,0,0
101.45,0.00,0,0
101.45,0.00,0,0
101.46,0.00,0,0
101.46,0.00,0,0
101.46,0.00,0,0
101.46,0.00,0,0
101.45,0.00,0,0
101.45,0.00,0,0
101.45,0.00,0,0
101.45,0.00,0,0
101.45,0.00,0,0
101.45,0.00,0,0
101.45,0.00,0,0
101.45,0.00,0,0
101.45,0.00,0,0
101.45,0.00,0,0
101.45,0.00,0,0
101.45,0.00,0,0
101.45,0.00,0,0
101.45,0.00,0,0
101.45,0.00,0,0
101.45,0.00,0,0
101.45,0.00,0,0
101.45,0.00,0,0
101.45,0.00,0,0
101.45,0.00,0,0
101.45,0.00,0,0
101.45,0.00,0,0
101.45,0.00,0,0
101.45,0.00,0,0
101.45,0.00,0,0
101.45,0.00,0,0
101.45,0.00,0,0
101.44,0.00,0,0
101.44,0.00,0,0
101.44,0.00,0,0
101.44,0.00,0,0
101.44,0.00,0,0
101.44,0.00,0,0
101.44,0.00,0,0
101.44,0.00,0,0
101.43,0.00,0,0
101.43,0.00,0,0
101.43,0.00,0,0
101.43,0.00,0,0
101.43,0.00,0,0
101.43,0.00,0,0
101.43,0.00,0,0
101.43,0.00,0,0
101.43,0.00,0,0
101.43,0.00,0,0
101.43,0.00,0,0
101.43,0.00,0,0
101.42,0.00,0,0
101.42,0.00,0,0
101.42,0.00,0,0
101.42,0.00,0,0
101.42,0.00,0,0
101.42,0.00,0,0
101.42,0.00,0,0
101.42,0.00,0,0
101.41,0.00,0,0
101.41,0.00,0,0
101.41,0.00,0,0
101.40,0.00,0,0
101.40,0.00,0,0
101.40,0.00,0,0
101.40,0.00,0,0
101.39,0.00,0,0
101.39,0.00,0,0
101.39,0.00,0,0
101.39,0.00,0,0
101.39,0.00,0,0
101.39,0.00,0,0
101.39,0.00,0,0
101.39,0.00,0,0
101.38,0.00,0,0
101.38,0.00,0,0
101.38,0.00,0,0
101.38,0.00,0,0
101.37,0.00,0,0
101.37,0.00,0,0
101.37,0.00,0,0
101.37,0.00,0,0
101.36,0.00,0,0
101.36,0.00,0,0
101.36,0.00,0,0
101.36,0.00,0,0
101.35,0.00,0,0
101.35,0.00,0,0
101.35,0.00,0,0
101.35,0.00,0,0
101.35,0.00,0,0
101.34,0.00,0,0
101.33,0.00,0,0
101.33,0.00,0,0
101.33,0.00,0,0
101.33,0.00,0,0
101.32,0.00,0,0
101.32,0.00,0,0
101.32,0.00,0,0
101.32,0.00,0,0
101.31,0.00,0,0
101.31,0.00,0,0
101.31,0.00,0,0
101.31,0.00,0,0
101.30,0.00,0,0
101.30,0.00,0,0
101.30,0.00,0,0
101.30,0.00,0,0
101.29,0.00,0,0
101.29,0.00,0,0
101.29,0.00,0,0
101.29,0.00,0,0
101.28,0.00,0,0
101.28,0.00,0,0
101.28,0.00,0,0
101.28,0.00,0,0
101.28,0.00,0,0
101.28,0.00,0,0
101.28,0.00,0,0
101.28,0.00,0,0
101.27,0.00,0,0
101.27,0.00,0,0
101.26,0.00,0,0
101.26,0.00,0,0
101.26,0.00,0,0
101.26,0.00,0,0
101.25,0.00,0,0
101.25,0.00,0,0
101.25,0.00,0,0
101.25,0.00,0,0
101.24,0.00,0,0
101.24,0.00,0,0
101.24,0.00,0,0
101.24,0.00,0,0
101.23,0.00,0,0
101.23,0.00,0,0
101.23,0.00,0,0
101.23,0.00,0,0
101.22,0.00,0,0
101.22,0.00,0,0
101.22,0.00,0,0
101.22,0.00,0,0
101.21,0.00,0,0
101.21,0.00,0,0
101.21,0.00,0,0
101.21,0.00,0,0
101.20,0.00,0,0
101.20,0.00,0,0
101.20,0.00,0,0
101.20,0.00,0,0
101.19,0.00,0,0
101.19,0.00,0,0
101.19,0.00,0,0
101.19,0.00,0,0
101.19,0.00,0,0
101.19,0.00,0,0
101.19,0.00,0,0
101.18,0.00,0,0
101.18,0.00,0,0
101.18,0.00,0,0
101.18,0.00,0,0
101.17,0.00,0,0
101.17,0.00,0,0
101.17,0.00,0,0
101.17,0.00,0,0
101.17,0.00,0,0
101.17,0.00,0,0
101.17,0.00,0,0
101.17,0.00,0,0
101.16,0.00,0,0
101.16,0.00,0,0
101.16,0.00,0,0
101.16,0.00,0,0
101.15,0.00,0,0
101.15,0.00,0,0
101.15,0.00,0,0
101.15,0.00,0,0
101.15,0.00,0,0
101.15,0.00,0,0
101.15,0.00,0,0
101.15,0.00,0,0
101.14,0.00,0,0
101.14,0.00,0,0
101.14,0.00,0,0
101.13,0.00,0,0
101.13,0.00,0,0
101.13,0.00,0,0
101.13,0.00,0,0
101.13,0.00,0,0
101.13,0.00,0,0
101.13,0.00,0,0
101.13,0.00,0,0
101.12,0.00,0,0
101.12,0.00,0,0
101.12,0.00,0,0
101.12,0.00,0,0
101.12,0.00,0,0
101.12,0.00,0,0
101.12,0.00,0,0
101.12,0.00,0,0
101.11,0.00,0,0
101.11,0.00,0,0
101.11,0.00,0,0
101.11,0.00,0,0
101.10,0.00,0,0
101.10,0.00,0,0
101.10,0.00,0,0
101.10,0.00,0,0
101.10,0.00,0,0
101.10,0.00,0,0
101.10,0.00,0,0
101.10,0.00,0,0
101.10,0.00,0,0
101.10,0.00,0,0
101.10,0.00,0,0
101.09,0.00,0,0
101.09,0.00,0,0
101.09,0.00,0,0
101.09,0.00,0,0
101.08,0.00,0,0
101.08,0.00,0,0
101.08,0.00,0,0
101.08,0.00,0,0
101.08,0.00,0,0
101.08,0.00,0,0
101.08,0.00,0,0
101.08,0.00,0,0
101.07,0.00,0,0
101.07,0.00,0,0
101.07,0.00,0,0
101.07,0.00,0,0
101.07,0.00,0,0
101.07,0.00,0,0
101.07,0.00,0,0
101.07,0.00,0,0
101.07,0.00,0,0
101.07,0.00,0,0
101.07,0.00,0,0
101.07,0.00,0,0
101.06,0.00,0,0
101.06,0.00,0,0
101.06,0.00,0,0
101.06,0.00,0,0
101.06,0.00,0,0
101.06,0.00,0,0
101.06,0.00,0,0
101.06,0.00,0,0
101.06,0.00,0,0
101.06,0.00,0,0
101.06,0.00,0,0
101.05,0.00,0,0
101.05,0.00,0,0
101.05,0.00,0,0
101.05,0.00,0,0
101.05,0.00,0,0
101.05,0.00,0,0
101.05,0.00,0,0
101.05,0.00,0,0
101.05,0.00,0,0
101.05,0.00,0,0
101.05,0.00,0,0
101.05,0.00,0,0
101.05,0.00,0,0
101.05,0.00,0,0
101.05,0.00,0,0
101.05,0.00,0,0
101.05,0.00,0,0
101.05,0.00,0,0
101.05,0.00,0,0
101.05,0.00,0,0
101.05,0.00,0,0
101.05,0.00,0,0
101.05,0.00,0,0
101.05,0.00,0,0
101.05,0.00,0,0
101.05,0.00,0,0
101.05,0.00,0,0
101.06,0.00,0,0
101.06,0.00,0,0
101.06,0.00,0,0
101.06,0.00,0,0
101.07,0.00,0,0
101.07,0.00,0,0
101.07,0.00,0,0
101.07,0.00,0,0
101.08,0.00,0,0
101.08,0.00,0,0
101.08,0.00,0,0
101.08,0.00,0,0
101.08,0.00,0,0
101.08,0.00,0,0
101.08,0.00,0,0
101.08,0.00,0,0
101.09,0.00,0,0
101.09,0.00,0,0
101.09,0.00,0,0
101.09,0.00,0,0
101.10,0.00,0,0
101.10,0.00,0,0
101.10,0.00,0,0
101.10,0.00,0,0
101.10,0.00,0,0
101.10,0.00,0,0
101.10,0.00,0,0
101.11,0.00,0,0
101.11,0.00,0,0
101.11,0.00,0,0
101.11,0.00,0,0
101.11,0.00,0,0
101.11,0.00,0,0
101.11,0.00,0,0
101.11,0.00,0,0
101.12,0.00,0,0
101.12,0.00,0,0
101.12,0.00,0,0
101.12,0.00,0,0
101.12,0.00,0,0
101.12,0.00,0,0
101.12,0.00,0,0
101.12,0.00,0,0
101.13,0.00,0,0
101.13,0.00,0,0
101.13,0.00,0,0
101.13,0.00,0,0
101.14,0.00,0,0
101.14,0.00,0,0
101.14,0.00,0,0
101.14,0.00,0,0
101.14,0.00,0,0
101.14,0.00,0,0
101.14,0.00,0,0
101.14,0.00,0,0
101.15,0.00,0,0
101.15,0.00,0,0
101.15,0.00,0,0
101.16,0.00,0,0
101.16,0.00,0,0
101.16,0.00,0,0
101.16,0.00,0,0
101.17,0.00,0,0
101.17,0.00,0,0
101.17,0.00,0,0
101.17,0.00,0,0
101.18,0.00,0,0
101.18,0.00,0,0
101.18,0.00,0,0
101.18,0.00,0,0
101.18,0.00,0,0
101.18,0.00,0,0
101.18,0.00,0,0
101.18,0.00,0,0
101.19,0.00,0,0
101.19,0.00,0,0
101.19,0.00,0,0
101.19,0.00,0,0
101.21,0.00,0,0
101.21,0.00,0,0
101.21,0.00,0,0
101.21,0.00,0,0
101.21,0.00,0,0
101.21,0.00,0,0
101.21,0.00,0,0
101.22,0.00,0,0
101.22,0.00,0,0
101.22,0.00,0,0
101.22,0.00,0,0
101.23,0.00,0,0
101.23,0.00,0,0
101.23,0.00,0,0
101.23,0.00,0,0
101.23,0.00,0,0
101.23,0.00,0,0
101.23,0.00,0,0
101.23,0.00,0,0
101.25,0.00,0,0
101.25,0.00,0,0
101.25,0.00,0,0
101.25,0.00,0,0
101.25,0.00,0,0
101.25,0.00,0,0
101.25,0.00,0,0
101.25,0.00,0,0
101.25,0.00,0,0
101.25,0.00,0,0
101.25,0.00,0,0
101.25,0.00,0,0
101.27,0.00,0,0
101.27,0.00,0,0
101.27,0.00,0,0
101.27,0.00,0,0
101.28,0.00,0,0
101.28,0.00,0,0
101.28,0.00,0,0
101.28,0.00,0,0
101.28,0.00,0,0
101.28,0.00,0,0
101.28,0.00,0,0
101.28,0.00,0,0
101.28,0.00,0,0
101.28,0.00,0,0
101.28,0.00,0,0
101.29,0.00,0,0
101.29,0.00,0,0
101.29,0.00,0,0
101.29,0.00,0,0
101.30,0.00,0,0
101.30,0.00,0,0
101.30,0.00,0,0
101.30,0.00,0,0
101.30,0.00,0,0
101.30,0.00,0,0
101.30,0.00,0,0
101.30,0.00,0,0
101.31,0.00,0,0
101.31,0.00,0,0
101.31,0.00,0,0
101.31,0.00,0,0
101.31,0.00,0,0
101.31,0.00,0,0
101.31,0.00,0,0
101.31,0.00,0,0
101.32,0.00,0,0
101.32,0.00,0,0
101.32,0.00,0,0
101.32,0.00,0,0
101.32,0.00,0,0
101.32,0.00,0,0
101.32,0.00,0,0
101.33,0.00,0,0
101.33,0.00,0,0
101.33,0.00,0,0
101.33,0.00,0,0
101.33,0.00,0,0
101.33,0.00,0,0
101.33,0.00,0,0
101.33,0.00,0,0
101.34,0.00,0,0
101.34,0.00,0,0
101.34,0.00,0,0
101.34,0.00,0,0
101.34,0.00,0,0
101.34,0.00,0,0
101.34,0.00,0,0
101.34,0.00,0,0
101.34,0.00,0,0
101.34,0.00,0,0
101.34,0.00,0,0
101.34,0.00,0,0
101.35,0.00,0,0
101.35,0.00,0,0
101.35,0.00,0,0
101.35,0.00,0,0
101.35,0.00,0,0
101.35,0.00,0,0
101.35,0.00,0,0
101.35,0.00,0,0
101.35,0.00,0,0
101.35,0.00,0,0
101.35,0.00,0,0
101.36,0.00,0,0
101.36,0.00,0,0
101.36,0.00,0,0
101.36,0.00,0,0
101.36,0.00,0,0
101.36,0.00,0,0
101.36,0.00,0,0
101.36,0.00,0,0
101.36,0.00,0,0
101.36,0.00,0,0
101.36,0.00,0,0
101.36,0.00,0,0
101.37,0.00,0,0
101.37,0.00,0,0
101.37,0.00,0,0
101.37,0.00,0,0
101.37,0.00,0,0
101.37,0.00,0,0
101.37,0.00,0,0
101.37,0.00,0,0
101.37,0.00,0,0
101.37,0.00,0,0
101.37,0.00,0,0
101.37,0.00,0,0
101.37,0.00,0,0
101.37,0.00,0,0
101.37,0.00,0,0
101.38,0.00,0,0
101.38,0.00,0,0
101.38,0.00,0,0
101.38,0.00,0,0
101.38,0.00,0,0
101.38,0.00,0,0
101.38,0.00,0,0
101.38,0.00,0,0
101.38,0.00,0,0
101.38,0.00,0,0
101.38,0.00,0,0
101.38,0.00,0,0
101.39,0.00,0,0
101.39,0.00,0,0
101.39,0.00,0,0
101.39,0.00,0,0
101.38,0.00,0,0
101.38,0.00,0,0
101.38,0.00,0,0
101.38,0.00,0,0
101.39,0.00,0,0
101.39,0.00,0,0
101.39,0.00,0,0
101.39,0.00,0,0
101.38,0.00,0,0
101.38,0.00,0,0
101.38,0.00,0,0
101.39,0.00,0,0
101.39,0.00,0,0
101.39,0.00,0,0
101.39,0.00,0,0
101.39,0.00,0,0
101.39,0.00,0,0
101.39,0.00,0,0
101.39,0.00,0,0
101.39,0.00,0,0
101.39,0.00,0,0
101.39,0.00,0,0
101.39,0.00,0,0
101.39,0.00,0,0
101.39,0.00,0,0
101.39,0.00,0,0
101.39,0.00,0,0
101.39,0.00,0,0
101.39,0.00,0,0
101.39,0.00,0,0
101.39,0.00,0,0
101.39,0.00,0,0
101.39,0.00,0,0
101.39,0.00,0,0
101.39,0.00,0,0
101.40,0.00,0,0
101.40,0.00,0,0
101.40,0.00,0,0
101.40,0.00,0,0
101.40,0.00,0,0
101.40,0.00,0,0
101.40,0.00,0,0
101.40,0.00,0,0
101.40,0.00,0,0
101.40,0.00,0,0
101.40,0.00,0,0
101.40,0.00,0,0
101.40,0.00,0,0
101.40,0.00,0,0
101.40,0.00,0,0
101.39,0.00,0,0
101.39,0.00,0,0
101.39,0.00,0,0
101.39,0.00,0,0
101.40,0.00,0,0
101.40,0.00,0,0
101.40,0.00,0,0
101.40,0.00,0,0
101.40,0.00,0,0
101.40,0.00,0,0
101.40,0.00,0,0
101.40,0.00,0,0
101.40,0.00,0,0
101.40,0.00,0,0
101.40,0.00,0,0
101.40,0.00,0,0
101.39,0.00,0,0
101.39,0.00,0,0
101.39,0.00,0,0
101.39,0.00,0,0
101.40,0.00,0,0
101.40,0.00,0,0
101.39,0.00,0,0
101.39,0.00,0,0
101.39,0.00,0,0
101.39,0.00,0,0
101.39,0.00,0,0
101.39,0.00,0,0
101.39,0.00,0,0
101.39,0.00,0,0
101.39,0.00,0,0
101.39,0.00,0,0
101.39,0.00,0,0
101.39,0.00,0,0
101.39,0.00,0,0
101.39,0.00,0,0
101.39,0.00,0,0
101.39,0.00,0,0
101.39,0.00,0,0
101.39,0.00,0,0
101.39,0.00,0,0
101.39,0.00,0,0
101.39,0.00,0,0
101.39,0.00,0,0
101.39,0.00,0,0
101.39,0.00,0,0
101.38,0.00,0,0
101.38,0.00,0,0
101.38,0.00,0,0
101.38,0.00,0,0
101.38,0.00,0,0
101.38,0.00,0,0
101.38,0.00,0,0
101.38,0.00,0,0
101.38,0.00,0,0
101.38,0.00,0,0
101.38,0.00,0,0
101.37,0.00,0,0
101.37,0.00,0,0
101.37,0.00,0,0
101.37,0.00,0,0
101.37,0.00,0,0
101.37,0.00,0,0
101.37,0.00,0,0
101.37,0.00,0,0
101.36,0.00,0,0
101.36,0.00,0,0
101.36,0.00,0,0
101.36,0.00,0,0
101.36,0.00,0,0
101.36,0.00,0,0
101.36,0.00,0,0
101.36,0.00,0,0
101.36,0.00,0,0
101.36,0.00,0,0
101.36,0.00,0,0
101.36,0.00,0,0
101.35,0.00,0,0
101.35,0.00,0,0
101.35,0.00,0,0
101.35,0.00,0,0
101.35,0.00,0,0
101.35,0.00,0,0
101.33,0.00,0,0
101.33,0.00,0,0
101.33,0.00,0,0
101.33,0.00,0,0
101.33,0.00,0,0
101.33,0.00,0,0
101.33,0.00,0,0
101.33,0.00,0,0
101.32,0.00,0,0
101.32,0.00,0,0
101.32,0.00,0,0
101.32,0.00,0,0
101.32,0.00,0,0
101.32,0.00,0,0
101.32,0.00,0,0
101.32,0.00,0,0
101.31,0.00,0,0
101.31,0.00,0,0
101.31,0.00,0,0
101.31,0.00,0,0
101.30,0.00,0,0
101.30,0.00,0,0
101.30,0.00,0,0
101.30,0.00,0,0
101.29,0.00,0,0
101.29,0.00,0,0
101.29,0.00,0,0
101.29,0.00,0,0
101.28,0.00,0,0
101.28,0.00,0,0
101.28,0.00,0,0
101.28,0.00,0,0
101.28,0.00,0,0
101.28,0.00,0,0
101.28,0.00,0,0
101.27,0.00,0,0
101.27,0.00,0,0
101.27,0.00,0,0
101.27,0.00,0,0
101.26,0.00,0,0
101.26,0.00,0,0
101.26,0.00,0,0
101.26,0.00,0,0
101.26,0.00,0,0
101.26,0.00,0,0
101.26,0.00,0,0
101.26,0.00,0,0
101.25,0.00,0,0
101.25,0.00,0,0
101.25,0.00,0,0
101.25,0.00,0,0
101.24,0.00,0,0
101.24,0.00,0,0
101.24,0.00,0,0
101.24,0.00,0,0
101.24,0.00,0,0
101.24,0.00,0,0
101.24,0.00,0,0
101.23,0.00,0,0
101.23,0.00,0,0
101.23,0.00,0,0
101.23,0.00,0,0
101.22,0.00,0,0
101.22,0.00,0,0
101.22,0.00,0,0
101.22,0.00,0,0
101.22,0.00,0,0
101.22,0.00,0,0
101.22,0.00,0,0
101.22,0.00,0,0
101.22,0.00,0,0
101.22,0.00,0,0
101.22,0.00,0,0
101.22,0.00,0,0
101.20,0.00,0,0
101.20,0.00,0,0
101.20,0.00,0,0
101.20,0.00,0,0
101.20,0.00,0,0
101.20,0.00,0,0
101.20,0.00,0,0
101.20,0.00,0,0
101.19,0.00,0,0
101.19,0.00,0,0
101.19,0.00,0,0
101.19,0.00,0,0
101.18,0.00,0,0
101.18,0.00,0,0
101.18,0.00,0,0
101.17,0.00,0,0
101.17,0.00,0,0
101.17,0.00,0,0
101.17,0.00,0,0
101.17,0.00,0,0
101.17,0.00,0,0
101.17,0.00,0,0
101.17,0.00,0,0
101.17,0.00,0,0
101.17,0.00,0,0
101.17,0.00,0,0
101.17,0.00,0,0
101.17,0.00,0,0
101.17,0.00,0,0
101.17,0.00,0,0
101.17,0.00,0,0
101.15,0.00,0,0
101.15,0.00,0,0
101.15,0.00,0,0
101.15,0.00,0,0
101.15,0.00,0,0
101.15,0.00,0,0
101.15,0.00,0,0
101.15,0.00,0,0
101.14,0.00,0,0
101.14,0.00,0,0
101.14,0.00,0,0
101.14,0.00,0,0
101.14,0.00,0,0
101.14,0.00,0,0
101.14,0.00,0,0
101.14,0.00,0,0
101.14,0.00,0,0
101.14,0.00,0,0
101.14,0.00,0,0
101.13,0.00,0,0
101.13,0.00,0,0
101.13,0.00,0,0
101.13,0.00,0,0
101.13,0.00,0,0
101.13,0.00,0,0
101.13,0.00,0,0
101.13,0.00,0,0
101.12,0.00,0,0
101.12,0.00,0,0
101.12,0.00,0,0
101.12,0.00,0,0
101.12,0.00,0,0
101.12,0.00,0,0
101.12,0.00,0,0
101.12,0.00,0,0
101.11,0.00,0,0
101.11,0.00,0,0
101.11,0.00,0,0
101.11,0.00,0,0
101.11,0.00,0,0
101.11,0.00,0,0
101.11,0.00,0,0
101.11,0.00,0,0
101.11,0.00,0,0
101.11,0.00,0,0
101.11,0.00,0,0
101.10,0.00,0,0
101.10,0.00,0,0
101.10,0.00,0,0
101.10,0.00,0,0
101.10,0.00,0,0
101.10,0.00,0,0
101.10,0.00,0,0
101.10,0.00,0,0
101.10,0.00,0,0
101.10,0.00,0,0
101.10,0.00,0,0
101.10,0.00,0,0
101.10,0.00,0,0
101.10,0.00,0,0
101.10,0.00,0,0
101.10,0.00,0,0
101.10,0.00,0,0
101.10,0.00,0,0
101.10,0.00,0,0
101.10,0.00,0,0
101.11,0.00,0,0
101.11,0.00,0,0
101.11,0.00,0,0
101.11,0.00,0,0
101.11,0.00,0,0
101.11,0.00,0,0
101.11,0.00,0,0
101.11,0.00,0,0
101.11,0.00,0,0
101.12,0.00,0,0
101.13,0.00,0,0
101.13,0.00,0,0
101.13,0.00,0,0
101.13,0.00,0,0
101.13,0.00,0,0
101.13,0.00,0,0
101.13,0.00,0,0
101.13,0.00,0,0
101.14,0.00,0,0
101.14,0.00,0,0
101.14,0.00,0,0
101.14,0.00,0,0
101.14,0.00,0,0
101.14,0.00,0,0
101.14,0.00,0,0
101.14,0.00,0,0
101.15,0.00,0,0
101.15,0.00,0,0
101.15,0.00,0,0
101.15,0.00,0,0
101.15,0.00,0,0
101.15,0.00,0,0
101.15,0.00,0,0
101.15,0.00,0,0
101.16,0.00,0,0
101.16,0.00,0,0
101.16,0.00,0,0
101.16,0.00,0,0
101.16,0.00,0,0
101.16,0.00,0,0
101.16,0.00,0,0
101.17,0.00,0,0
101.17,0.00,0,0
101.17,0.00,0,0
101.17,0.00,0,0
101.17,0.00,0,0
101.17,0.00,0,0
101.17,0.00,0,0
101.17,0.00,0,0
101.18,0.00,0,0
101.18,0.00,0,0
101.18,0.00,0,0
101.18,0.00,0,0
101.18,0.00,0,0
101.18,0.00,0,0
101.18,0.00,0,0
101.18,0.00,0,0
101.18,0.00,0,0
101.18,0.00,0,0
101.18,0.00,0,0
101.18,0.00,0,0
101.19,0.00,0,0
101.19,0.00,0,0
101.19,0.00,0,0
101.19,0.00,0,0
101.19,0.00,0,0
101.19,0.00,0,0
101.19,0.00,0,0
101.19,0.00,0,0
101.19,0.00,0,0
101.19,0.00,0,0
101.19,0.00,0,0
101.20,0.00,0,0
101.20,0.00,0,0
101.20,0.00,0,0
101.20,0.00,0,0
101.21,0.00,0,0
101.21,0.00,0,0
101.21,0.00,0,0
101.21,0.00,0,0
101.21,0.00,0,0
101.21,0.00,0,0
101.21,0.00,0,0
101.21,0.00,0,0
101.21,0.00,0,0
101.21,0.00,0,0
101.21,0.00,0,0
101.21,0.00,0,0
101.22,0.00,0,0
101.22,0.00,0,0
101.22,0.00,0,0
101.22,0.00,0,0
101.23,0.00,0,0
101.23,0.00,0,0
101.23,0.00,0,0
101.23,0.00,0,0
101.23,0.00,0,0
101.23,0.00,0,0
101.23,0.00,0,0
101.24,0.00,0,0
101.24,0.00,0,0
101.24,0.00,0,0
101.24,0.00,0,0
101.24,0.00,0,0
101.24,0.00,0,0
101.24,0.00,0,0
101.24,0.00,0,0
101.25,0.00,0,0
101.25,0.00,0,0
101.25,0.00,0,0
101.25,0.00,0,0
101.25,0.00,0,0
101.25,0.00,0,0
101.25,0.00,0,0
101.25,0.00,0,0
101.25,0.00,0,0
101.25,0.00,0,0
101.25,0.00,0,0
101.25,0.00,0,0
101.26,0.00,0,0
101.26,0.00,0,0
101.26,0.00,0,0
101.26,0.00,0,0
101.27,0.00,0,0
101.27,0.00,0,0
101.27,0.00,0,0
101.27,0.00,0,0
101.27,0.00,0,0
101.27,0.00,0,0
101.27,0.00,0,0
101.28,0.00,0,0
101.28,0.00,0,0
101.28,0.00,0,0
101.28,0.00,0,0
101.28,0.00,0,0
101.28,0.00,0,0
101.28,0.00,0,0
101.28,0.00,0,0
101.29,0.00,0,0
101.29,0.00,0,0
101.29,0.00,0,0
101.29,0.00,0,0
101.30,0.00,0,0
101.30,0.00,0,0
101.30,0.00,0,0
101.30,0.00,0,0
101.30,0.00,0,0
101.30,0.00,0,0
101.30,0.00,0,0
101.30,0.00,0,0
101.30,0.00,0,0
101.30,0.00,0,0
101.30,0.00,0,0
101.30,0.00,0,0
101.31,0.00,0,0
101.31,0.00,0,0
101.31,0.00,0,0
101.31,0.00,0,0
101.31,0.00,0,0
101.31,0.00,0,0
101.31,0.00,0,0
101.32,0.00,0,0
101.32,0.00,0,0
101.32,0.00,0,0
101.32,0.00,0,0
101.32,0.00,0,0
101.32,0.00,0,0
101.32,0.00,0,0
101.32,0.00,0,0
101.32,0.00,0,0
101.32,0.00,0,0
101.32,0.00,0,0
101.32,0.00,0,0
101.33,0.00,0,0
101.33,0.00,0,0
101.33,0.00,0,0
101.33,0.00,0,0
101.33,0.00,0,0
101.33,0.00,0,0
101.33,0.00,0,0
101.33,0.00,0,0
101.34,0.00,0,0
101.34,0.00,0,0
101.34,0.00,0,0
101.34,0.00,0,0
101.33,0.00,0,0
101.33,0.00,0,0
101.33,0.00,0,0
101.34,0.00,0,0
101.34,0.00,0,0
101.34,0.00,0,0
101.34,0.00,0,0
101.35,0.00,0,0
101.35,0.00,0,0
101.35,0.00,0,0
101.35,0.00,0,0
101.34,0.00,0,0
101.34,0.00,0,0
101.34,0.00,0,0
101.34,0.00,0,0
101.35,0.00,0,0
101.35,0.00,0,0
101.35,0.00,0,0
101.35,0.00,0,0
101.35,0.00,0,0
101.35,0.00,0,0
101.35,0.00,0,0
101.35,0.00,0,0
101.35,0.00,0,0
101.35,0.00,0,0
101.35,0.00,0,0
101.35,0.00,0,0
101.35,0.00,0,0
101.35,0.00,0,0
101.35,0.00,0,0
101.35,0.00,0,0
101.36,0.00,0,0
101.36,0.00,0,0
101.36,0.00,0,0
101.35,0.00,0,0
101.35,0.00,0,0
101.35,0.00,0,0
101.35,0.00,0,0
101.36,0.00,0,0
101.36,0.00,0,0
101.36,0.00,0,0
101.36,0.00,0,0
101.36,0.00,0,0
101.36,0.00,0,0
101.36,0.00,0,0
101.36,0.00,0,0
101.36,0.00,0,0
101.36,0.00,0,0
101.36,0.00,0,0
101.36,0.00,0,0
101.36,0.00,0,0
101.36,0.00,0,0
101.36,0.00,0,0
101.36,0.00,0,0
101.36,0.00,0,0
101.36,0.00,0,0
101.36,0.00,0,0
101.36,0.00,0,0
101.36,0.00,0,0
101.36,0.00,0,0
101.36,0.00,0,0
101.36,0.00,0,0
101.36,0.00,0,0
101.36,0.00,0,0
101.37,0.00,0,0
101.37,0.00,0,0
101.37,0.00,0,0
101.37,0.00,0,0
101.36,0.00,0,0
101.36,0.00,0,0
101.36,0.00,0,0
101.36,0.00,0,0
101.36,0.00,0,0
101.36,0.00,0,0
101.36,0.00,0,0
101.36,0.00,0,0
101.36,0.00,0,0
101.36,0.00,0,0
101.36,0.00,0,0
101.36,0.00,0,0
101.36,0.00,0,0
101.36,0.00,0,0
101.36,0.00,0,0
101.36,0.00,0,0
101.35,0.00,0,0
101.35,0.00,0,0
101.35,0.00,0,0
101.35,0.00,0,0
101.35,0.00,0,0
101.35,0.00,0,0
101.35,0.00,0,0
101.35,0.00,0,0
101.34,0.00,0,0
101.34,0.00,0,0
101.34,0.00,0,0
101.35,0.00,0,0
101.35,0.00,0,0
101.35,0.00,0,0
101.35,0.00,0,0
101.35,0.00,0,0
101.35,0.00,0,0
101.35,0.00,0,0
101.35,0.00,0,0
101.34,0.00,0,0
101.34,0.00,0,0
101.34,0.00,0,0
101.34,0.00,0,0
101.36,0.00,0,0
101.36,0.00,0,0
101.36,0.00,0,0
101.36,0.00,0,0
101.36,0.00,0,0
101.36,0.00,0,0
101.36,0.00,0,0
101.36,0.00,0,0
101.36,0.00,0,0
101.36,0.00,0,0
101.36,0.00,0,0
101.36,0.00,0,0
101.36,0.00,0,0
101.36,0.00,0,0
101.36,0.00,0,0
101.36,0.00,0,0
101.36,0.00,0,0
101.36,0.00,0,0
101.36,0.00,0,0
101.36,0.00,0,0
101.36,0.00,0,0
101.36,0.00,0,0
101.36,0.00,0,0
101.36,0.00,0,0
101.36,0.00,0,0
101.36,0.00,0,0
101.36,0.00,0,0
101.36,0.00,0,0
101.36,0.00,0,0
101.36,0.00,0,0
101.36,0.00,0,0
101.35,0.00,0,0
101.35,0.00,0,0
101.35,0.00,0,0
101.35,0.00,0,0
101.36,0.00,0,0
101.36,0.00,0,0
101.36,0.00,0,0
101.36,0.00,0,0
101.35,0.00,0,0
101.35,0.00,0,0
101.35,0.00,0,0
101.35,0.00,0,0
101.35,0.00,0,0
101.35,0.00,0,0
101.35,0.00,0,0
101.35,0.00,0,0
101.35,0.00,0,0
101.35,0.00,0,0
101.35,0.00,0,0
101.35,0.00,0,0
101.35,0.00,0,0
101.35,0.00,0,0
101.35,0.00,0,0
101.35,0.00,0,0
101.35,0.00,0,0
101.35,0.00,0,0
101.35,0.00,0,0
101.34,0.00,0,0
101.34,0.00,0,0
101.34,0.00,0,0
101.34,0.00,0,0
101.33,0.00,0,0
101.33,0.00,0,0
101.33,0.00,0,0
101.33,0.00,0,0
101.34,0.00,0,0
101.34,0.00,0,0
101.34,0.00,0,0
101.34,0.00,0,0
101.33,0.00,0,0
101.33,0.00,0,0
101.33,0.00,0,0
101.33,0.00,0,0
101.33,0.00,0,0
101.33,0.00,0,0
101.33,0.00,0,0
101.32,0.00,0,0
101.32,0.00,0,0
101.32,0.00,0,0
101.32,0.00,0,0
101.32,0.00,0,0
101.32,0.00,0,0
101.32,0.00,0,0
101.32,0.00,0,0
101.31,0.00,0,0
101.31,0.00,0,0
101.31,0.00,0,0
101.31,0.00,0,0
101.31,0.00,0,0
101.31,0.00,0,0
101.31,0.00,0,0
101.31,0.00,0,0
101.31,0.00,0,0
101.31,0.00,0,0
101.31,0.00,0,0
101.31,0.00,0,0
101.30,0.00,0,0
101.30,0.00,0,0
101.30,0.00,0,0
101.30,0.00,0,0
101.30,0.00,0,0
101.30,0.00,0,0
101.30,0.00,0,0
101.30,0.00,0,0
101.29,0.00,0,0
101.29,0.00,0,0
101.29,0.00,0,0
101.28,0.00,0,0
101.28,0.00,0,0
101.28,0.00,0,0
101.28,0.00,0,0
101.28,0.00,0,0
101.28,0.00,0,0
101.28,0.00,0,0
101.28,0.00,0,0
101.27,0.00,0,0
101.27,0.00,0,0
101.27,0.00,0,0
101.27,0.00,0,0
101.27,0.00,0,0
101.27,0.00,0,0
101.27,0.00,0,0
101.27,0.00,0,0
101.26,0.00,0,0
101.26,0.00,0,0
101.26,0.00,0,0
101.26,0.00,0,0
101.25,0.00,0,0
101.25,0.00,0,0
101.25,0.00,0,0
101.25,0.00,0,0
101.25,0.00,0,0
101.25,0.00,0,0
101.25,0.00,0,0
101.25,0.00,0,0
101.24,0.00,0,0
101.24,0.00,0,0
101.24,0.00,0,0
101.24,0.00,0,0
101.24,0.00,0,0
101.24,0.00,0,0
101.24,0.00,0,0
101.23,0.00,0,0
101.23,0.00,0,0
101.23,0.00,0,0
101.23,0.00,0,0
101.22,0.00,0,0
101.22,0.00,0,0
101.22,0.00,0,0
101.22,0.00,0,0
101.21,0.00,0,0
101.21,0.00,0,0
101.21,0.00,0,0
101.21,0.00,0,0
101.21,0.00,0,0
101.21,0.00,0,0
101.21,0.00,0,0
101.21,0.00,0,0
101.20,0.00,0,0
101.20,0.00,0,0
101.20,0.00,0,0
101.20,0.00,0,0
101.19,0.00,0,0
101.19,0.00,0,0
101.19,0.00,0,0
101.19,0.00,0,0
101.18,0.00,0,0
101.18,0.00,0,0
101.18,0.00,0,0
101.17,0.00,0,0
101.17,0.00,0,0
101.17,0.00,0,0
101.17,0.00,0,0
101.17,0.00,0,0
101.17,0.00,0,0
101.17,0.00,0,0
101.17,0.00,0,0
101.16,0.00,0,0
101.16,0.00,0,0
101.16,0.00,0,0
101.16,0.00,0,0
101.16,0.00,0,0
101.16,0.00,0,0
101.16,0.00,0,0
101.16,0.00,0,0
101.15,0.00,0,0
101.15,0.00,0,0
101.15,0.00,0,0
101.15,0.00,0,0
101.14,0.00,0,0
101.14,0.00,0,0
101.14,0.00,0,0
101.14,0.00,0,0
101.13,0.00,0,0
101.13,0.00,0,0
101.13,0.00,0,0
101.13,0.00,0,0
101.12,0.00,0,0
101.12,0.00,0,0
101.11,0.00,0,0
101.11,0.00,0,0
101.11,0.00,0,0
101.11,0.00,0,0
101.11,0.00,0,0
101.11,0.00,0,0
101.11,0.00,0,0
101.11,0.00,0,0
101.10,0.00,0,0
101.10,0.00,0,0
101.10,0.00,0,0
101.10,0.00,0,0
101.10,0.00,0,0
101.10,0.00,0,0
101.10,0.00,0,0
101.10,0.00,0,0
101.09,0.00,0,0
101.09,0.00,0,0
101.09,0.00,0,0
101.09,0.00,0,0
101.09,0.00,0,0
101.09,0.00,0,0
101.09,0.00,0,0
101.09,0.00,0,0
101.09,0.00,0,0
101.09,0.00,0,0
101.09,0.00,0,0
101.09,0.00,0,0
101.08,0.00,0,0
101.08,0.00,0,0
101.08,0.00,0,0
101.08,0.00,0,0
101.08,0.00,0,0
101.08,0.00,0,0
101.08,0.00,0,0
101.08,0.00,0,0
101.08,0.00,0,0
101.08,0.00,0,0
101.08,0.00,0,0
101.08,0.00,0,0
101.08,0.00,0,0
101.08,0.00,0,0
101.08,0.00,0,0
101.08,0.00,0,0
101.08,0.00,0,0
101.08,0.00,0,0
101.08,0.00,0,0
101.08,0.00,0,0
101.08,0.00,0,0
101.08,0.00,0,0
101.08,0.00,0,0
101.08,0.00,0,0
101.08,0.00,0,0
101.08,0.00,0,0
101.08,0.00,0,0
101.09,0.00,0,0
101.09,0.00,0,0
101.09,0.00,0,0
101.10,0.00,0,0
101.10,0.00,0,0
101.10,0.00,0,0
101.10,0.00,0,0
101.11,0.00,0,0
101.11,0.00,0,0
101.11,0.00,0,0
101.11,0.00,0,0
101.11,0.00,0,0
101.11,0.00,0,0
101.11,0.00,0,0
101.11,0.00,0,0
101.12,0.00,0,0
101.12,0.00,0,0
101.12,0.00,0,0
101.12,0.00,0,0
101.12,0.00,0,0
101.12,0.00,0,0
101.12,0.00,0,0
101.12,0.00,0,0
101.13,0.00,0,0
101.13,0.00,0,0
101.13,0.00,0,0
101.13,0.00,0,0
101.13,0.00,0,0
101.13,0.00,0,0
101.13,0.00,0,0
101.13,0.00,0,0
101.14,0.00,0,0
101.14,0.00,0,0
101.14,0.00,0,0
101.15,0.00,0,0
101.15,0.00,0,0
101.15,0.00,0,0
101.15,0.00,0,0
101.15,0.00,0,0
101.15,0.00,0,0
101.15,0.00,0,0
101.15,0.00,0,0
101.16,0.00,0,0
101.16,0.00,0,0
101.16,0.00,0,0
101.16,0.00,0,0
101.16,0.00,0,0
101.16,0.00,0,0
101.16,0.00,0,0
101.16,0.00,0,0
101.16,0.00,0,0
101.16,0.00,0,0
101.16,0.00,0,0
101.16,0.00,0,0
101.17,0.00,0,0
101.17,0.00,0,0
101.17,0.00,0,0
101.17,0.00,0,0
101.17,0.00,0,0
101.17,0.00,0,0
101.17,0.00,0,0
101.17,0.00,0,0
101.17,0.00,0,0
101.17,0.00,0,0
101.17,0.00,0,0
101.17,0.00,0,0
101.17,0.00,0,0
101.17,0.00,0,0
101.17,0.00,0,0
101.18,0.00,0,0
101.18,0.00,0,0
101.18,0.00,0,0
101.18,0.00,0,0
101.18,0.00,0,0
101.18,0.00,0,0
101.18,0.00,0,0
101.18,0.00,0,0
101.18,0.00,0,0
101.18,0.00,0,0
101.18,0.00,0,0
101.18,0.00,0,0
101.19,0.00,0,0
101.19,0.00,0,0
101.19,0.00,0,0
101.19,0.00,0,0
101.20,0.00,0,0
101.20,0.00,0,0
101.20,0.00,0,0
101.20,0.00,0,0
101.20,0.00,0,0
101.20,0.00,0,0
101.20,0.00,0,0
101.20,0.00,0,0
101.20,0.00,0,0
101.20,0.00,0,0
101.20,0.00,0,0
101.21,0.00,0,0
101.21,0.00,0,0
101.21,0.00,0,0
101.21,0.00,0,0
101.21,0.00,0,0
101.21,0.00,0,0
101.21,0.00,0,0
101.21,0.00,0,0
101.22,0.00,0,0
101.22,0.00,0,0
101.22,0.00,0,0
101.22,0.00,0,0
101.22,0.00,0,0
101.22,0.00,0,0
101.22,0.00,0,0
101.22,0.00,0,0
101.23,0.00,0,0
101.23,0.00,0,0
101.23,0.00,0,0
101.23,0.00,0,0
101.24,0.00,0,0
101.24,0.00,0,0
101.24,0.00,0,0
101.24,0.00,0,0
101.24,0.00,0,0
101.24,0.00,0,0
101.24,0.00,0,0
101.25,0.00,0,0
101.25,0.00,0,0
101.25,0.00,0,0
101.25,0.00,0,0
101.25,0.00,0,0
101.25,0.00,0,0
101.25,0.00,0,0
101.25,0.00,0,0
101.26,0.00,0,0
101.26,0.00,0,0
101.26,0.00,0,0
101.26,0.00,0,0
101.27,0.00,0,0
101.27,0.00,0,0
101.27,0.00,0,0
101.27,0.00,0,0
101.27,0.00,0,0
101.27,0.00,0,0
101.27,0.00,0,0
101.27,0.00,0,0
101.27,0.00,0,0
101.27,0.00,0,0
101.27,0.00,0,0
101.27,0.00,0,0
101.28,0.00,0,0
101.28,0.00,0,0
101.28,0.00,0,0
101.28,0.00,0,0
101.28,0.00,0,0
101.28,0.00,0,0
101.28,0.00,0,0
101.29,0.00,0,0
101.29,0.00,0,0
101.29,0.00,0,0
101.29,0.00,0,0
101.29,0.00,0,0
101.29,0.00,0,0
101.29,0.00,0,0
101.29,0.00,0,0
101.29,0.00,0,0
101.29,0.00,0,0
101.29,0.00,0,0
101.29,0.00,0,0
101.29,0.00,0,0
101.29,0.00,0,0
101.29,0.00,0,0
101.29,0.00,0,0
101.30,0.00,0,0
101.30,0.00,0,0
101.30,0.00,0,0
101.30,0.00,0,0
101.30,0.00,0,0
101.30,0.00,0,0
101.30,0.00,0,0
101.30,0.00,0,0
101.30,0.00,0,0
101.30,0.00,0,0
101.30,0.00,0,0
101.30,0.00,0,0
101.31,0.00,0,0
101.31,0.00,0,0
101.31,0.00,0,0
101.31,0.00,0,0
101.31,0.00,0,0
101.31,0.00,0,0
101.31,0.00,0,0
101.31,0.00,0,0
101.31,0.00,0,0
101.31,0.00,0,0
101.31,0.00,0,0
101.31,0.00,0,0
101.31,0.00,0,0
101.31,0.00,0,0
101.32,0.00,0,0
101.32,0.00,0,0
101.32,0.00,0,0
101.32,0.00,0,0
101.32,0.00,0,0
101.32,0.00,0,0
101.32,0.00,0,0
101.32,0.00,0,0
101.32,0.00,0,0
101.32,0.00,0,0
101.32,0.00,0,0
101.32,0.00,0,0
101.32,0.00,0,0
101.32,0.00,0,0
101.32,0.00,0,0
101.32,0.00,0,0
101.32,0.00,0,0
101.32,0.00,0,0
101.32,0.00,0,0
101.32,0.00,0,0
101.32,0.00,0,0
101.32,0.00,0,0
101.32,0.00,0,0
101.32,0.00,0,0
101.32,0.00,0,0
101.32,0.00,0,0
101.32,0.00,0,0
101.33,0.00,0,0
101.33,0.00,0,0
101.33,0.00,0,0
101.33,0.00,0,0
101.32,0.00,0,0
101.32,0.00,0,0
101.32,0.00,0,0
101.32,0.00,0,0
101.32,0.00,0,0
101.32,0.00,0,0
101.32,0.00,0,0
101.32,0.00,0,0
101.33,0.00,0,0
101.33,0.00,0,0
101.33,0.00,0,0
101.33,0.00,0,0
101.33,0.00,0,0
101.33,0.00,0,0
101.33,0.00,0,0
101.33,0.00,0,0
101.32,0.00,0,0
101.32,0.00,0,0
101.32,0.00,0,0
101.33,0.00,0,0
101.33,0.00,0,0
101.33,0.00,0,0
101.33,0.00,0,0
101.33,0.00,0,0
101.33,0.00,0,0
101.33,0.00,0,0
101.33,0.00,0,0
101.33,0.00,0,0
101.33,0.00,0,0
101.33,0.00,0,0
101.33,0.00,0,0
101.33,0.00,0,0
101.33,0.00,0,0
101.33,0.00,0,0
101.33,0.00,0,0
101.33,0.00,0,0
101.33,0.00,0,0
101.33,0.00,0,0
101.33,0.00,0,0
101.33,0.00,0,0
101.33,0.00,0,0
101.33,0.00,0,0
101.33,0.00,0,0
101.33,0.00,0,0
101.33,0.00,0,0
101.33,0.00,0,0
101.33,0.00,0,0
101.32,0.00,0,0
101.32,0.00,0,0
101.32,0.00,0,0
101.32,0.00,0,0
101.32,0.00,0,0
101.32,0.00,0,0
101.32,0.00,0,0
101.32,0.00,0,0
101.32,0.00,0,0
101.32,0.00,0,0
101.32,0.00,0,0
101.33,0.00,0,0
101.33,0.00,0,0
101.33,0.00,0,0
101.33,0.00,0,0
101.32,0.00,0,0
101.32,0.00,0,0
101.32,0.00,0,0
101.32,0.00,0,0
101.32,0.00,0,0
101.32,0.00,0,0
101.32,0.00,0,0
101.32,0.00,0,0
101.32,0.00,0,0
101.32,0.00,0,0
101.32,0.00,0,0
101.32,0.00,0,0
101.31,0.00,0,0
101.31,0.00,0,0
101.31,0.00,0,0
101.32,0.00,0,0
101.32,0.00,0,0
101.32,0.00,0,0
101.32,0.00,0,0
101.31,0.00,0,0
101.31,0.00,0,0
101.31,0.00,0,0
101.31,0.00,0,0
101.31,0.00,0,0
101.31,0.00,0,0
101.31,0.00,0,0
101.31,0.00,0,0
101.32,0.00,0,0
101.32,0.00,0,0
101.32,0.00,0,0
101.32,0.00,0,0
101.31,0.00,0,0
101.31,0.00,0,0
101.31,0.00,0,0
101.31,0.00,0,0
101.31,0.00,0,0
101.31,0.00,0,0
101.31,0.00,0,0
101.31,0.00,0,0
101.31,0.00,0,0
101.31,0.00,0,0
101.31,0.00,0,0
101.31,0.00,0,0
101.30,0.00,0,0
101.30,0.00,0,0
101.30,0.00,0,0
101.30,0.00,0,0
101.30,0.00,0,0
101.30,0.00,0,0
101.30,0.00,0,0
101.30,0.00,0,0
101.30,0.00,0,0
101.30,0.00,0,0
101.30,0.00,0,0
101.30,0.00,0,0
101.30,0.00,0,0
101.30,0.00,0,0
101.30,0.00,0,0
101.30,0.00,0,0
101.30,0.00,0,0
101.30,0.00,0,0
101.30,0.00,0,0
101.29,0.00,0,0
101.29,0.00,0,0
101.29,0.00,0,0
101.29,0.00,0,0
101.29,0.00,0,0
101.29,0.00,0,0
101.29,0.00,0,0
101.29,0.00,0,0
101.28,0.00,0,0
101.28,0.00,0,0
101.28,0.00,0,0
101.28,0.00,0,0
101.28,0.00,0,0
101.28,0.00,0,0
101.28,0.00,0,0
101.27,0.00,0,0
101.27,0.00,0,0
101.27,0.00,0,0
101.27,0.00,0,0
101.26,0.00,0,0
101.26,0.00,0,0
101.26,0.00,0,0
101.26,0.00,0,0
101.26,0.00,0,0
101.26,0.00,0,0
101.26,0.00,0,0
101.26,0.00,0,0
101.26,0.00,0,0
101.26,0.00,0,0
101.26,0.00,0,0
101.26,0.00,0,0
101.25,0.00,0,0
101.25,0.00,0,0
101.25,0.00,0,0
101.25,0.00,0,0
101.24,0.00,0,0
101.24,0.00,0,0
101.24,0.00,0,0
101.24,0.00,0,0
101.23,0.00,0,0
101.23,0.00,0,0
101.23,0.00,0,0
101.23,0.00,0,0
101.23,0.00,0,0
101.23,0.00,0,0
101.23,0.00,0,0
101.22,0.00,0,0
101.22,0.00,0,0
101.22,0.00,0,0
101.22,0.00,0,0
101.21,0.00,0,0
101.21,0.00,0,0
101.21,0.00,0,0
101.21,0.00,0,0
101.20,0.00,0,0
101.20,0.00,0,0
101.20,0.00,0,0
101.20,0.00,0,0
101.20,0.00,0,0
101.20,0.00,0,0
101.20,0.00,0,0
101.20,0.00,0,0
101.19,0.00,0,0
101.19,0.00,0,0
101.19,0.00,0,0
101.19,0.00,0,0
101.18,0.00,0,0
101.18,0.00,0,0
101.18,0.00,0,0
101.18,0.00,0,0
101.18,0.00,0,0
101.18,0.00,0,0
101.18,0.00,0,0
101.16,0.00,0,0
101.15,0.00,0,0
101.15,0.00,0,0
101.15,0.00,0,0
101.15,0.00,0,0
101.15,0.00,0,0
101.15,0.00,0,0
101.14,0.00,0,0
101.14,0.00,0,0
101.14,0.00,0,0
101.14,0.00,0,0
101.13,0.00,0,0
101.13,0.00,0,0
101.13,0.00,0,0
101.13,0.00,0,0
101.13,0.00,0,0
101.13,0.00,0,0
101.13,0.00,0,0
101.13,0.00,0,0
101.12,0.00,0,0
101.12,0.00,0,0
101.12,0.00,0,0
101.12,0.00,0,0
101.12,0.00,0,0
101.12,0.00,0,0
101.12,0.00,0,0
101.12,0.00,0,0
101.11,0.00,0,0
101.11,0.00,0,0
101.11,0.00,0,0
101.10,0.00,0,0
101.10,0.00,0,0
101.10,0.00,0,0
101.10,0.00,0,0
101.09,0.00,0,0
101.09,0.00,0,0
101.09,0.00,0,0
101.09,0.00,0,0
101.09,0.00,0,0
101.09,0.00,0,0
101.09,0.00,0,0
101.09,0.00,0,0
101.08,0.00,0,0
101.08,0.00,0,0
101.08,0.00,0,0
101.08,0.00,0,0
101.07,0.00,0,0
101.07,0.00,0,0
101.07,0.00,0,0
101.07,0.00,0,0
101.06,0.00,0,0
101.06,0.00,0,0
101.06,0.00,0,0
101.06,0.00,0,0
101.05,0.00,0,0
101.05,0.00,0,0
101.05,0.00,0,0
101.05,0.00,0,0
101.04,0.00,0,0
101.04,0.00,0,0
101.04,0.00,0,0
101.03,0.00,0,0
101.03,0.00,0,0
101.03,0.00,0,0
101.03,0.00,0,0
101.02,0.00,0,0
101.02,0.00,0,0
101.02,0.00,0,0
101.02,0.00,0,0
101.01,0.00,0,0
101.01,0.00,0,0
101.01,0.00,0,0
101.01,0.00,0,0
101.00,0.00,0,0
101.00,0.00,0,0
101.00,0.00,0,0
101.00,0.00,0,0
100.99,0.00,0,0
100.99,0.00,0,0
100.99,0.00,0,0
100.99,0.00,13196,0
100.97,0.00,13196,0
100.97,0.00,31758,0
100.97,0.00,28870,0
100.97,0.00,28870,0
100.96,0.00,26245,0
100.96,0.00,23859,0
100.96,0.00,23859,0
100.96,0.00,21690,0
100.93,0.00,19718,0
100.93,0.00,17925,0
100.93,0.00,16295,0
100.90,0.00,16295,0
100.90,0.00,14813,0
100.90,0.00,13466,0
100.90,0.00,13466,0
100.87,0.00,12241,0
100.87,0.00,11128,0
100.87,0.00,11128,0
100.87,0.00,10116,0
100.83,0.00,9196,0
100.83,0.00,9196,0
100.83,0.00,8360,0
100.83,0.00,7599,0
100.80,0.00,7599,0
100.80,0.00,6908,0
100.80,0.00,6279,0
100.80,0.00,6279,0
100.76,0.00,5708,0
100.76,0.00,5708,0
100.76,0.00,5189,0
100.76,0.00,4717,0
100.72,0.00,4717,0
100.72,0.00,4288,0
100.72,0.00,3898,0
100.68,0.00,3543,0
100.68,0.00,3220,0
100.68,0.00,3220,0
100.68,0.00,2927,0
100.64,0.00,2660,0
100.64,0.00,2660,0
100.64,0.00,2418,0
100.64,0.00,2198,0
100.60,0.00,2198,0
100.60,0.00,1998,0
100.60,0.00,1998,0
100.60,0.00,1816,0
100.57,0.00,1650,0
100.57,0.00,1650,0
100.57,0.00,1499,0
100.57,0.00,1362,0
100.53,0.00,1362,0
100.53,0.00,1238,0
100.53,0.00,1125,0
100.53,0.00,1125,0
100.50,0.00,1022,0
100.50,0.00,929,0
100.50,0.00,929,0
100.50,0.00,844,0
100.47,0.00,767,0
100.47,0.00,697,0
100.47,0.00,633,0
100.45,0.00,633,0
100.45,0.00,575,0
100.45,0.00,522,0
100.45,0.00,522,0
100.42,0.00,474,0
100.42,0.00,430,0
100.42,0.00,430,0
100.42,0.00,390,0
100.40,0.00,354,0
100.40,0.00,354,0
100.40,0.00,321,0
100.40,0.00,291,0
100.39,0.00,291,0
100.39,0.00,264,0
100.39,0.00,239,0
100.39,0.00,239,0
100.39,0.00,217,0
100.39,0.00,197,0
100.39,0.00,197,0
100.39,0.00,23340,0
100.40,0.00,23340,0
100.40,0.00,31638,0
100.40,0.00,32766,0
100.40,0.00,32766,0
100.42,0.00,32766,0
100.42,0.00,32766,0
100.44,0.00,32766,0
100.44,0.00,32766,0
100.44,0.00,32766,0
100.44,0.00,32766,0
100.47,0.00,32766,0
100.47,0.00,32766,0
100.47,0.00,32766,0
100.47,0.00,32766,0
100.50,0.00,32766,0
100.50,0.00,32766,0
100.50,0.00,32722,0
100.50,0.00,31368,0
100.53,0.00,31368,0
100.53,0.00,29466,0
100.53,0.00,27682,0
100.53,0.00,27682,0
100.58,0.00,22594,0
100.58,0.00,22396,0
100.58,0.00,22396,0
100.58,0.00,18028,0
100.63,0.00,21006,0
100.63,0.00,21006,0
100.63,0.00,12602,0
100.67,0.00,11456,0
100.67,0.00,10414,0
100.67,0.00,9467,0
100.67,0.00,9467,0
100.72,0.00,13165,0
100.72,0.00,14308,0
100.72,0.00,14308,0
100.72,0.00,15460,0
100.76,0.00,27920,0
100.76,0.00,27920,0
100.76,0.00,32748,0
100.76,0.00,25152,0
100.81,0.00,25152,0
100.81,0.00,17054,0
100.81,0.00,15503,0
100.81,0.00,15503,0
100.86,0.00,11657,0
100.86,0.00,30786,0
100.86,0.00,30786,0
100.86,0.00,30244,0
100.89,0.00,30244,0
100.89,0.00,27378,0
100.89,0.00,19520,0
100.89,0.00,19520,0
100.94,0.00,21204,0
100.99,0.00,17462,0
100.99,0.00,18154,0
101.03,0.00,18974,0
101.03,0.00,20828,0
101.03,0.00,17596,0
101.03,0.00,20922,0
101.07,0.00,20032,0
101.07,0.00,18984,0
101.07,0.00,17832,0
101.07,0.00,16752,0
101.11,0.00,15738,0
101.11,0.00,14311,0
101.11,0.00,13927,0
101.11,0.00,13927,0
101.14,0.00,12088,0
101.14,0.00,12234,0
101.14,0.00,12234,0
101.14,0.00,10893,0
101.17,0.00,10893,0
101.17,0.00,10997,0
101.17,0.00,9997,0
101.17,0.00,9997,0
101.21,0.00,9088,0
101.21,0.00,8261,0
101.25,0.00,7509,0
101.25,0.00,6826,0
101.25,0.00,6205,0
101.25,0.00,6205,0
101.28,0.00,5640,0
101.28,0.00,5127,0
101.28,0.00,5127,0
101.28,0.00,4660,0
101.31,0.00,4236,0
101.31,0.00,4236,0
101.31,0.00,3850,0
101.31,0.00,3499,0
101.34,0.00,3499,0
101.34,0.00,3180,0
101.34,0.00,2890,0
101.34,0.00,2890,0
101.37,0.00,2627,0
101.37,0.00,2388,0
101.37,0.00,2388,0
101.37,0.00,2170,0
101.40,0.00,2170,0
101.40,0.00,1972,0
101.40,0.00,1792,0
101.40,0.00,1792,0
101.43,0.00,1629,0
101.43,0.00,1480,0
101.43,0.00,1345,0
101.46,0.00,1222,0
101.46,0.00,1110,0
101.46,0.00,1110,0
101.46,0.00,1009,0
101.48,0.00,917,0
101.48,0.00,917,0
101.48,0.00,833,0
101.48,0.00,833,0
101.50,0.00,757,0
101.50,0.00,688,0
101.50,0.00,688,0
101.50,0.00,625,0
101.53,0.00,18202,0
101.53,0.00,18202,0
101.53,0.00,16547,0
101.53,0.00,10380,0
101.55,0.00,10380,0
101.55,0.00,9436,0
101.55,0.00,8578,0
101.55,0.00,8578,0
101.58,0.00,7798,0
101.58,0.00,7089,0
101.58,0.00,7089,0
101.58,0.00,6444,0
101.60,0.00,5858,0
101.60,0.00,10074,0
101.60,0.00,9158,0
101.63,0.00,9158,0
101.63,0.00,14672,0
101.63,0.00,13338,0
101.63,0.00,13338,0
101.65,0.00,12125,0
101.65,0.00,12125,0
101.65,0.00,11022,0
101.65,0.00,10020,0
101.67,0.00,10020,0
101.67,0.00,9109,0
101.67,0.00,8280,0
101.67,0.00,8280,0
101.69,0.00,7527,0
101.69,0.00,6842,0
101.69,0.00,6842,0
101.69,0.00,6219,0
101.71,0.00,5653,0
101.71,0.00,5653,0
101.71,0.00,5139,0
101.71,0.00,4671,0
101.72,0.00,4671,0
101.72,0.00,4246,0
101.72,0.00,3859,0
101.74,0.00,3508,0
101.74,0.00,3189,0
101.74,0.00,3189,0
101.74,0.00,2899,0
101.75,0.00,2635,0
101.75,0.00,2635,0
101.75,0.00,2395,0
101.75,0.00,2177,0
101.76,0.00,2177,0
101.76,0.00,1979,0
101.76,0.00,1799,0
101.76,0.00,1799,0
101.77,0.00,1635,0
101.77,0.00,1486,0
101.77,0.00,1486,0
101.77,0.00,1350,0
101.78,0.00,1350,0
101.78,0.00,1227,0
101.78,0.00,1115,0
101.78,0.00,1115,0
101.78,0.00,1013,0
101.78,0.00,920,0
101.78,0.00,920,0
101.78,0.00,836,0
101.78,0.00,759,0
101.78,0.00,690,0
101.78,0.00,627,0
101.79,0.00,570,0
101.79,0.00,570,0
101.79,0.00,518,0
101.79,0.00,518,0
101.78,0.00,470,0
101.78,0.00,427,0
101.78,0.00,427,0
101.78,0.00,388,0
101.78,0.00,352,0
101.78,0.00,352,0
101.78,0.00,320,0
101.78,0.00,290,0
101.77,0.00,290,0
101.77,0.00,263,0
101.77,0.00,239,0
101.77,0.00,239,0
101.77,0.00,217,0
101.77,0.00,197,0
101.77,0.00,197,0
101.77,0.00,179,0
101.75,0.00,179,0
101.75,0.00,162,0
101.75,0.00,147,0
101.75,0.00,147,0
101.74,0.00,133,0
101.74,0.00,120,0
101.74,0.00,109,0
101.73,0.00,99,0
101.73,0.00,89,0
101.73,0.00,89,0
101.73,0.00,80,0
101.72,0.00,80,0
101.72,0.00,72,0
101.72,0.00,65,0
101.72,0.00,65,0
101.71,0.00,59,0
101.71,0.00,53,0
101.71,0.00,53,0
101.71,0.00,48,0
101.69,0.00,43,0
101.69,0.00,43,0
101.69,0.00,39,0
101.69,0.00,35,0
101.67,0.00,35,0
101.67,0.00,31,0
101.67,0.00,28,0
101.67,0.00,28,0
101.66,0.00,25,0
101.66,0.00,22,0
101.66,0.00,22,0
101.66,0.00,20,0
101.65,0.00,20,0
101.65,0.00,18,0
101.65,0.00,16,0
101.64,0.00,14,0
101.64,0.00,12,0
101.64,0.00,10,0
101.64,0.00,10,0
101.63,0.00,9,0
101.63,0.00,9,0
101.63,0.00,8,0
101.63,0.00,7,0
101.62,0.00,7,0
101.62,0.00,6,0
101.62,0.00,5,0
101.62,0.00,5,0
101.61,0.00,4,0
101.61,0.00,3,0
101.61,0.00,3,0
101.61,0.00,2,0
101.59,0.00,1,0
101.59,0.00,1,0
101.59,0.00,0,0
101.59,0.00,0,0
101.58,0.00,0,0
101.58,0.00,0,0
101.58,0.00,0,0
101.58,0.00,0,0
101.57,0.00,0,0
101.57,0.00,0,0
101.57,0.00,0,0
101.57,0.00,0,0
101.56,0.00,0,0
101.55,0.00,0,0
101.54,0.00,0,0
101.54,0.00,0,0
101.54,0.00,0,0
101.54,0.00,0,0
101.53,0.00,0,0
101.53,0.00,0,0
101.53,0.00,0,0
101.53,0.00,0,0
101.52,0.00,0,0
101.52,0.00,0,0
101.52,0.00,0,0
101.52,0.00,0,0
101.52,0.00,0,0
101.52,0.00,0,0
101.52,0.00,0,0
101.52,0.00,0,0
101.51,0.00,0,0
101.51,0.00,0,0
101.51,0.00,0,0
101.51,0.00,0,0
101.50,0.00,0,0
101.50,0.00,0,0
101.50,0.00,0,0
101.50,0.00,0,0
101.50,0.00,0,0
101.50,0.00,0,0
101.50,0.00,0,0
101.50,0.00,0,0
101.49,0.00,0,0
101.49,0.00,0,0
101.49,0.00,0,0
101.48,0.00,0,0
101.48,0.00,0,0
101.48,0.00,0,0
101.48,0.00,0,0
101.48,0.00,0,0
101.48,0.00,0,0
101.48,0.00,0,0
101.48,0.00,0,0
101.47,0.00,0,0
101.47,0.00,0,0
101.47,0.00,0,0
101.47,0.00,0,0
101.47,0.00,0,0
101.47,0.00,0,0
101.47,0.00,0,0
101.47,0.00,0,0
101.46,0.00,0,0
101.46,0.00,0,0
101.46,0.00,0,0
101.46,0.00,0,0
101.46,0.00,0,0
101.46,0.00,0,0
101.46,0.00,0,0
101.46,0.00,0,0
101.45,0.00,0,0
101.45,0.00,0,0
101.45,0.00,0,0
101.45,0.00,0,0
101.45,0.00,0,0
101.45,0.00,0,0
101.45,0.00,0,0
101.45,0.00,0,0
101.45,0.00,0,0
101.45,0.00,0,0
101.44,0.00,0,0
101.44,0.00,0,0
101.44,0.00,0,0
101.44,0.00,0,0
101.43,0.00,0,0
101.43,0.00,0,0
101.43,0.00,0,0
101.43,0.00,0,0
101.42,0.00,0,0
101.42,0.00,0,0
101.42,0.00,0,0
101.42,0.00,0,0
101.42,0.00,0,0
101.42,0.00,0,0
101.42,0.00,0,0
101.42,0.00,0,0
101.41,0.00,0,0
101.41,0.00,0,0
101.41,0.00,0,0
101.41,0.00,0,0
101.41,0.00,0,0
101.41,0.00,0,0
101.41,0.00,0,0
101.41,0.00,0,0
101.40,0.00,0,0
101.40,0.00,0,0
101.40,0.00,0,0
101.39,0.00,0,0
101.39,0.00,0,0
101.39,0.00,0,0
101.39,0.00,0,0
101.39,0.00,0,0
101.39,0.00,0,0
101.39,0.00,0,0
101.39,0.00,0,0
101.38,0.00,0,0
101.38,0.00,0,0
101.38,0.00,0,0
101.38,0.00,0,0
101.37,0.00,0,0
101.37,0.00,0,0
101.37,0.00,0,0
101.37,0.00,0,0
101.37,0.00,0,0
101.37,0.00,0,0
101.37,0.00,0,0
101.37,0.00,0,0
101.36,0.00,0,0
101.36,0.00,0,0
101.36,0.00,0,0
101.36,0.00,0,0
101.36,0.00,0,0
101.36,0.00,0,0
101.36,0.00,0,0
101.35,0.00,0,0
101.35,0.00,0,0
101.35,0.00,0,0
101.35,0.00,0,0
101.34,0.00,0,0
101.34,0.00,0,0
101.34,0.00,0,0
101.34,0.00,0,0
101.34,0.00,0,0
101.34,0.00,0,0
101.34,0.00,0,0
101.34,0.00,0,0
101.33,0.00,0,0
101.33,0.00,0,0
101.33,0.00,0,0
101.33,0.00,0,0
101.32,0.00,0,0
101.32,0.00,0,0
101.32,0.00,0,0
101.32,0.00,0,0
101.32,0.00,0,0
101.32,0.00,0,0
101.32,0.00,0,0
101.32,0.00,0,0
101.32,0.00,0,0
101.32,0.00,0,0
101.32,0.00,0,0
101.32,0.00,0,0
101.31,0.00,0,0
101.31,0.00,0,0
101.31,0.00,0,0
101.30,0.00,0,0
101.30,0.00,0,0
101.30,0.00,0,0
101.30,0.00,0,0
101.30,0.00,0,0
101.30,0.00,0,0
101.30,0.00,0,0
101.30,0.00,0,0
101.29,0.00,0,0
101.29,0.00,0,0
101.29,0.00,0,0
101.29,0.00,0,0
101.29,0.00,0,0
101.29,0.00,0,0
101.29,0.00,0,0
101.29,0.00,0,0
101.29,0.00,0,0
101.29,0.00,0,0
101.29,0.00,0,0
101.29,0.00,0,0
101.29,0.00,0,0
101.29,0.00,0,0
101.29,0.00,0,0
101.29,0.00,0,0
101.28,0.00,0,0
101.28,0.00,0,0
101.27,0.00,0,0
101.27,0.00,0,0
101.27,0.00,0,0
101.26,0.00,0,0
101.26,0.00,0,0
101.26,0.00,0,0
101.26,0.00,0,0
101.26,0.00,0,0
101.26,0.00,0,0
101.26,0.00,0,0
101.26,0.00,0,0
101.25,0.00,0,0
101.25,0.00,0,0
101.25,0.00,0,0
101.25,0.00,0,0
101.25,0.00,0,0
101.25,0.00,0,0
101.25,0.00,0,0
101.25,0.00,0,0
101.24,0.00,0,0
101.24,0.00,0,0
101.24,0.00,0,0
101.24,0.00,0,0
101.24,0.00,0,0
101.24,0.00,0,0
101.24,0.00,0,0
101.24,0.00,0,0
101.24,0.00,0,0
101.24,0.00,0,0
101.24,0.00,0,0
101.24,0.00,0,0
101.23,0.00,0,0
101.23,0.00,0,0
101.23,0.00,0,0
101.23,0.00,0,0
101.23,0.00,0,0
101.23,0.00,0,0
101.23,0.00,0,0
101.23,0.00,0,0
101.23,0.00,0,0
101.23,0.00,0,0
101.23,0.00,0,0
101.22,0.00,0,0
101.22,0.00,0,0
101.22,0.00,0,0
101.22,0.00,0,0
101.22,0.00,0,0
101.22,0.00,0,0
101.22,0.00,0,0
101.22,0.00,0,0
101.22,0.00,0,0
101.22,0.00,0,0
101.22,0.00,0,0
101.22,0.00,0,0
101.22,0.00,0,0
101.22,0.00,0,0
101.22,0.00,0,0
101.22,0.00,0,0
101.22,0.00,0,0
101.22,0.00,0,0
101.22,0.00,0,0
101.22,0.00,0,0
101.22,0.00,0,0
101.22,0.00,0,0
101.21,0.00,0,0
101.22,0.00,0,0
101.22,0.00,0,0
101.22,0.00,0,0
101.21,0.00,0,0
101.21,0.00,0,0
101.21,0.00,0,0
101.21,0.00,0,0
101.22,0.00,0,0
101.22,0.00,0,0
101.22,0.00,0,0
101.22,0.00,0,0
101.22,0.00,0,0
101.22,0.00,0,0
101.22,0.00,0,0
101.22,0.00,0,0
101.22,0.00,0,0
101.22,0.00,0,0
101.22,0.00,0,0
101.22,0.00,0,0
101.22,0.00,0,0
101.22,0.00,0,0
101.22,0.00,0,0
101.22,0.00,0,0
101.23,0.00,0,0
101.23,0.00,0,0
101.23,0.00,0,0
101.23,0.00,0,0
101.23,0.00,0,0
101.23,0.00,0,0
101.23,0.00,0,0
101.23,0.00,0,0
101.23,0.00,0,0
101.23,0.00,0,0
101.23,0.00,0,0
101.24,0.00,0,0
101.24,0.00,0,0
101.24,0.00,0,0
101.24,0.00,0,0
101.24,0.00,0,0
101.24,0.00,0,0
101.24,0.00,0,0
101.24,0.00,0,0
101.24,0.00,0,0
101.24,0.00,0,0
101.24,0.00,0,0
101.24,0.00,0,0
101.25,0.00,0,0
101.25,0.00,0,0
101.25,0.00,0,0
101.25,0.00,0,0
101.25,0.00,0,0
101.25,0.00,0,0
101.25,0.00,0,0
101.25,0.00,0,0
101.25,0.00,0,0
101.25,0.00,0,0
101.25,0.00,0,0
101.25,0.00,0,0
101.26,0.00,0,0
101.26,0.00,0,0
101.26,0.00,0,0
101.25,0.00,0,0
101.25,0.00,0,0
101.25,0.00,0,0
101.25,0.00,0,0
101.26,0.00,0,0
101.26,0.00,0,0
101.26,0.00,0,0
101.26,0.00,0,0
101.26,0.00,0,0
101.26,0.00,0,0
101.26,0.00,0,0
101.26,0.00,0,0
101.27,0.00,0,0
101.27,0.00,0,0
101.27,0.00,0,0
101.27,0.00,0,0
101.27,0.00,0,0
101.27,0.00,0,0
101.27,0.00,0,0
101.27,0.00,0,0
101.27,0.00,0,0
101.27,0.00,0,0
101.27,0.00,0,0
101.27,0.00,0,0
101.27,0.00,0,0
101.27,0.00,0,0
101.27,0.00,0,0
101.27,0.00,0,0
101.27,0.00,0,0
101.27,0.00,0,0
101.27,0.00,0,0
101.28,0.00,0,0
101.28,0.00,0,0
101.28,0.00,0,0
101.28,0.00,0,0
101.28,0.00,0,0
101.28,0.00,0,0
101.28,0.00,0,0
101.28,0.00,0,0
101.29,0.00,0,0
101.29,0.00,0,0
101.29,0.00,0,0
101.29,0.00,0,0
101.28,0.00,0,0
101.28,0.00,0,0
101.28,0.00,0,0
101.28,0.00,0,0
101.29,0.00,0,0
101.29,0.00,0,0
101.29,0.00,0,0
101.29,0.00,0,0
101.30,0.00,0,0
101.30,0.00,0,0
101.30,0.00,0,0
101.30,0.00,0,0
101.29,0.00,0,0
101.29,0.00,0,0
101.29,0.00,0,0
101.29,0.00,0,0
101.29,0.00,0,0
101.29,0.00,0,0
101.29,0.00,0,0
101.30,0.00,0,0
101.30,0.00,0,0
101.30,0.00,0,0
101.30,0.00,0,0
101.30,0.00,0,0
101.30,0.00,0,0
101.30,0.00,0,0
101.30,0.00,0,0
101.30,0.00,0,0
101.30,0.00,0,0
101.30,0.00,0,0
101.30,0.00,0,0
101.30,0.00,0,0
101.30,0.00,0,0
101.30,0.00,0,0
101.30,0.00,0,0
101.31,0.00,0,0
101.31,0.00,0,0
101.31,0.00,0,0
101.31,0.00,0,0
101.31,0.00,0,0
101.31,0.00,0,0
101.31,0.00,0,0
101.31,0.00,0,0
101.31,0.00,0,0
101.31,0.00,0,0
101.31,0.00,0,0
101.31,0.00,0,0
101.31,0.00,0,0
101.31,0.00,0,0
101.31,0.00,0,0
101.31,0.00,0,0
101.31,0.00,0,0
101.31,0.00,0,0
101.31,0.00,0,0
101.32,0.00,0,0
101.32,0.00,0,0
101.32,0.00,0,0
101.32,0.00,0,0
101.31,0.00,0,0
101.31,0.00,0,0
101.31,0.00,0,0
101.31,0.00,0,0
101.31,0.00,0,0
101.31,0.00,0,0
101.31,0.00,0,0
101.31,0.00,0,0
101.32,0.00,0,0
101.32,0.00,0,0
101.32,0.00,0,0
101.32,0.00,0,0
101.32,0.00,0,0
101.32,0.00,0,0
101.32,0.00,0,0
101.32,0.00,0,0
101.32,0.00,0,0
101.32,0.00,0,0
101.32,0.00,0,0
101.32,0.00,0,0
101.32,0.00,0,0
101.32,0.00,0,0
101.32,0.00,0,0
101.32,0.00,0,0
101.32,0.00,0,0
101.32,0.00,28392,0
101.32,0.00,28392,0
101.32,0.00,32162,0
101.32,0.00,32764,0
101.32,0.00,32764,0
101.32,0.00,23532,0
101.31,0.00,23532,0
101.31,0.00,21392,0
101.31,0.00,19447,0
101.31,0.00,19447,0
101.28,0.00,17679,0
101.28,0.00,16071,0
101.28,0.00,16071,0
101.28,0.00,14609,0
101.25,0.00,13280,0
101.25,0.00,13280,0
101.25,0.00,12072,0
101.25,0.00,10974,0
101.21,0.00,9976,0
101.21,0.00,9069,0
101.21,0.00,8244,0
101.19,0.00,8244,0
101.19,0.00,7494,0
101.19,0.00,6812,0
101.19,0.00,6812,0
101.15,0.00,6192,0
101.15,0.00,5629,0
101.15,0.00,5629,0
101.15,0.00,5117,0
101.12,0.00,5117,0
101.12,0.00,4651,0
101.12,0.00,4228,0
101.12,0.00,4228,0
101.11,0.00,3843,0
101.11,0.00,3493,0
101.11,0.00,3493,0
101.11,0.00,17644,0
101.10,0.00,28154,0
101.10,0.00,28154,0
101.10,0.00,21160,0
101.10,0.00,29028,0
101.11,0.00,29028,0
101.11,0.00,28462,0
101.14,0.00,26792,0
101.19,0.00,30554,0
101.19,0.00,30498,0
101.19,0.00,27956,0
101.24,0.00,27424,0
101.24,0.00,30828,0
101.24,0.00,32414,0
101.24,0.00,32766,0
101.28,0.00,32752,0
101.28,0.00,23730,0
101.28,0.00,12947,0
101.28,0.00,12947,0
101.30,0.00,24654,0
101.30,0.00,31208,0
101.30,0.00,31208,0
101.30,0.00,29314,0
101.30,0.00,27542,0
101.30,0.00,27542,0
101.30,0.00,25872,0
101.30,0.00,24306,0
101.28,0.00,24306,0
101.28,0.00,22832,0
101.28,0.00,21446,0
101.28,0.00,21446,0
101.26,0.00,20144,0
101.26,0.00,18928,0
101.25,0.00,17780,0
101.25,0.00,16700,0
101.25,0.00,15689,0
101.25,0.00,14739,0
101.22,0.00,14739,0
101.22,0.00,13847,0
101.22,0.00,13005,0
101.22,0.00,13005,0
101.19,0.00,12217,0
101.19,0.00,11477,0
101.19,0.00,11477,0
101.19,0.00,10782,0
101.19,0.00,10782,0
101.19,0.00,10128,0
101.19,0.00,9207,0
101.19,0.00,9207,0
101.17,0.00,12709,0
101.17,0.00,21632,0
101.17,0.00,21632,0
101.17,0.00,22870,0
101.19,0.00,24380,0
101.19,0.00,24380,0
101.19,0.00,27330,0
101.22,0.00,30958,0
101.22,0.00,29558,0
101.22,0.00,25214,0
101.22,0.00,25214,0
101.26,0.00,25240,0
101.26,0.00,27576,0
101.26,0.00,27576,0
101.26,0.00,29488,0
101.31,0.00,32766,0
101.31,0.00,32766,0
101.31,0.00,24078,0
101.31,0.00,29144,0
101.35,0.00,29144,0
101.35,0.00,26144,0
101.35,0.00,23767,0
101.35,0.00,23767,0
101.38,0.00,14244,0
101.38,0.00,29724,0
101.38,0.00,29724,0
101.38,0.00,28724,0
101.38,0.00,28724,0
101.38,0.00,26980,0
101.38,0.00,25346,0
101.38,0.00,25346,0
101.37,0.00,23814,0
101.37,0.00,22368,0
101.37,0.00,21012,0
101.35,0.00,19738,0
101.35,0.00,18542,0
101.35,0.00,18542,0
101.35,0.00,17420,0
101.32,0.00,17420,0
101.32,0.00,16365,0
101.32,0.00,15371,0
101.32,0.00,15371,0
101.30,0.00,14440,0
101.30,0.00,13565,0
101.30,0.00,13565,0
101.30,0.00,12743,0
101.27,0.00,11972,0
101.27,0.00,11972,0
101.27,0.00,11246,0
101.27,0.00,10563,0
101.26,0.00,10563,0
101.26,0.00,9602,0
101.26,0.00,8729,0
101.26,0.00,8729,0
101.24,0.00,7935,0
101.24,0.00,10084,0
101.24,0.00,19480,0
101.24,0.00,22010,0
101.24,0.00,22010,0
101.24,0.00,28364,0
101.24,0.00,27502,0
101.26,0.00,27502,0
101.26,0.00,27276,0
101.26,0.00,30516,0
101.26,0.00,30516,0
101.30,0.00,28344,0
101.30,0.00,28468,0
101.30,0.00,28468,0
101.30,0.00,31582,0
101.35,0.00,31582,0
101.35,0.00,29726,0
101.35,0.00,28300,0
101.35,0.00,28300,0
101.39,0.00,29846,0
101.39,0.00,23922,0
101.39,0.00,23922,0
101.39,0.00,32738,0
101.42,0.00,28166,0
101.42,0.00,28166,0
101.42,0.00,25605,0
101.42,0.00,19984,0
101.44,0.00,32684,0
101.44,0.00,31216,0
101.44,0.00,29322,0
101.44,0.00,29322,0
101.44,0.00,27544,0
101.44,0.00,25878,0
101.44,0.00,25878,0
101.42,0.00,24308,0
101.42,0.00,22834,0
101.42,0.00,22834,0
101.42,0.00,21450,0
101.40,0.00,21450,0
101.40,0.00,20152,0
101.40,0.00,18932,0
101.40,0.00,18932,0
101.38,0.00,17784,0
101.38,0.00,16704,0
101.38,0.00,16704,0
101.38,0.00,15694,0
101.35,0.00,14742,0
101.35,0.00,14742,0
101.35,0.00,13848,0
101.35,0.00,13010,0
101.31,0.00,13010,0
101.31,0.00,12223,0
101.31,0.00,11481,0
101.29,0.00,10785,0
101.29,0.00,10131,0
101.29,0.00,10131,0
101.29,0.00,9210,0
101.28,0.00,10388,0
101.28,0.00,10388,0
101.28,0.00,11725,0
101.28,0.00,11725,0
101.27,0.00,15194,0
101.27,0.00,26398,0
101.27,0.00,26398,0
101.27,0.00,28610,0
101.29,0.00,27286,0
101.29,0.00,27286,0
101.29,0.00,28792,0
101.29,0.00,31248,0
101.34,0.00,31248,0
101.34,0.00,28970,0
101.34,0.00,28542,0
101.34,0.00,28542,0
101.37,0.00,27648,0
101.37,0.00,28382,0
101.37,0.00,28726,0
101.41,0.00,27692,0
101.41,0.00,27692,0
101.41,0.00,32766,0
101.41,0.00,32440,0
101.44,0.00,32440,0
101.44,0.00,22478,0
101.44,0.00,22478,0
101.44,0.00,16144,0
101.46,0.00,32606,0
101.46,0.00,32606,0
101.46,0.00,31498,0
101.46,0.00,29590,0
101.46,0.00,29590,0
101.46,0.00,27794,0
101.46,0.00,26106,0
101.46,0.00,26106,0
101.44,0.00,24526,0
101.44,0.00,23040,0
101.44,0.00,23040,0
101.44,0.00,21644,0
101.42,0.00,20334,0
101.42,0.00,20334,0
101.42,0.00,19102,0
101.42,0.00,17942,0
101.38,0.00,16856,0
101.36,0.00,15834,0
101.33,0.00,14874,0
101.33,0.00,13975,0
101.33,0.00,13126,0
101.33,0.00,12332,0
101.32,0.00,11583,0
101.32,0.00,10882,0
101.32,0.00,10222,0
101.32,0.00,9292,0
101.31,0.00,8447,0
101.31,0.00,17904,0
101.31,0.00,17904,0
101.31,0.00,22100,0
101.31,0.00,22100,0
101.31,0.00,25134,0
101.31,0.00,29464,0
101.31,0.00,29464,0
101.33,0.00,29796,0
101.33,0.00,29468,0
101.33,0.00,29468,0
101.33,0.00,30398,0
101.37,0.00,28646,0
101.37,0.00,28646,0
101.37,0.00,28518,0
101.40,0.00,29056,0
101.40,0.00,26660,0
101.40,0.00,31022,0
101.40,0.00,32534,0
101.44,0.00,32534,0
101.44,0.00,32054,0
101.44,0.00,26240,0
101.44,0.00,26240,0
101.46,0.00,23854,0
101.46,0.00,23854,0
101.46,0.00,12998,0
101.46,0.00,30552,0
101.47,0.00,30552,0
101.47,0.00,32298,0
101.47,0.00,30446,0
101.47,0.00,30446,0
101.46,0.00,28598,0
101.46,0.00,26868,0
101.46,0.00,26868,0
101.46,0.00,25238,0
101.44,0.00,23708,0
101.44,0.00,23708,0
101.44,0.00,22270,0
101.44,0.00,20922,0
101.42,0.00,19654,0
101.42,0.00,18462,0
101.42,0.00,17344,0
101.39,0.00,17344,0
101.39,0.00,16294,0
101.39,0.00,16294,0
101.39,0.00,15305,0
101.37,0.00,14379,0
101.37,0.00,14379,0
101.37,0.00,13506,0
101.37,0.00,12690,0
101.34,0.00,12690,0
101.34,0.00,11919,0
101.34,0.00,11195,0
101.34,0.00,11195,0
101.33,0.00,10518,0
101.33,0.00,9561,0
101.33,0.00,9561,0
101.33,0.00,8691,0
101.31,0.00,8691,0
101.31,0.00,16822,0
101.31,0.00,23212,0
101.31,0.00,23212,0
101.32,0.00,24998,0
101.32,0.00,28614,0
101.32,0.00,30286,0
101.34,0.00,26668,0
101.34,0.00,30484,0
101.34,0.00,30484,0
101.34,0.00,30726,0
101.37,0.00,30726,0
101.37,0.00,26184,0
101.37,0.00,29008,0
101.37,0.00,29008,0
101.40,0.00,32346,0
101.40,0.00,29566,0
101.40,0.00,29566,0
101.40,0.00,32726,0
101.43,0.00,32726,0
101.43,0.00,31358,0
101.43,0.00,28160,0
101.43,0.00,28160,0
101.45,0.00,15730,0
101.45,0.00,21546,0
101.45,0.00,21546,0
101.45,0.00,32766,0
101.45,0.00,32696,0
101.45,0.00,32696,0
101.45,0.00,31266,0
101.44,0.00,29372,0
101.44,0.00,27594,0
101.44,0.00,25918,0
101.44,0.00,25918,0
101.42,0.00,24352,0
101.42,0.00,22874,0
101.42,0.00,22874,0
101.42,0.00,21484,0
101.39,0.00,20184,0
101.39,0.00,20184,0
101.39,0.00,18964,0
101.39,0.00,17812,0
101.37,0.00,17812,0
101.37,0.00,16732,0
101.37,0.00,15719,0
101.37,0.00,15719,0
101.35,0.00,14765,0
101.35,0.00,13873,0
101.35,0.00,13873,0
101.35,0.00,13030,0
101.32,0.00,13030,0
101.32,0.00,12240,0
101.32,0.00,11499,0
101.32,0.00,11499,0
101.31,0.00,10453,0
101.31,0.00,13631,0
101.31,0.00,16526,0
101.31,0.00,22600,0
101.31,0.00,27562,0
101.31,0.00,27562,0
101.31,0.00,28760,0
101.32,0.00,31030,0
101.32,0.00,31030,0
101.32,0.00,30396,0
101.32,0.00,28170,0
101.35,0.00,28170,0
101.35,0.00,23926,0
101.35,0.00,30078,0
101.35,0.00,30078,0
101.38,0.00,24190,0
101.38,0.00,29344,0
101.38,0.00,29344,0
101.38,0.00,28622,0
101.42,0.00,28622,0
101.42,0.00,28398,0
101.42,0.00,27212,0
101.42,0.00,27212,0
101.45,0.00,30792,0
101.47,0.00,28926,0
101.47,0.00,20504,0
101.47,0.00,17008,0
101.47,0.00,32712,0
101.47,0.00,32766,0
101.46,0.00,32374,0
101.46,0.00,30560,0
101.46,0.00,28706,0
101.46,0.00,26968,0
101.43,0.00,25328,0
101.43,0.00,23798,0
101.43,0.00,22352,0
101.43,0.00,22352,0
101.41,0.00,20998,0
101.41,0.00,19726,0
101.41,0.00,19726,0
101.41,0.00,18532,0
101.39,0.00,17408,0
101.39,0.00,17408,0
101.39,0.00,16355,0
101.39,0.00,15362,0
101.36,0.00,15362,0
101.36,0.00,14431,0
101.36,0.00,13556,0
101.36,0.00,13556,0
101.35,0.00,12735,0
101.35,0.00,11962,0
101.35,0.00,11153,0
101.33,0.00,10139,0
101.33,0.00,10139,0
101.33,0.00,14240,0
101.33,0.00,25438,0
101.33,0.00,25438,0
101.33,0.00,30030,0
101.33,0.00,28442,0
101.33,0.00,28442,0
101.35,0.00,30660,0
101.35,0.00,31042,0
101.35,0.00,31042,0
101.35,0.00,30128,0
101.37,0.00,28972,0
101.37,0.00,28972,0
101.37,0.00,27202,0
101.37,0.00,25266,0
101.41,0.00,25266,0
101.41,0.00,26166,0
101.41,0.00,29776,0
101.41,0.00,29776,0
101.44,0.00,26796,0
101.47,0.00,31050,0
101.48,0.00,29170,0
101.48,0.00,27256,0
101.48,0.00,17932,0
101.48,0.00,11096,0
101.47,0.00,31300,0
101.47,0.00,32766,0
101.47,0.00,32766,0
101.47,0.00,32002,0
101.45,0.00,30076,0
101.45,0.00,28254,0
101.45,0.00,26538,0
101.45,0.00,26538,0
101.42,0.00,24930,0
101.42,0.00,23422,0
101.42,0.00,23422,0
101.42,0.00,22004,0
101.40,0.00,20668,0
101.40,0.00,20668,0
101.40,0.00,19416,0
101.40,0.00,18240,0
101.37,0.00,18240,0
101.37,0.00,17134,0
101.37,0.00,16095,0
101.37,0.00,16095,0
101.34,0.00,15119,0
101.34,0.00,14204,0
101.34,0.00,13343,0
101.33,0.00,12189,0
101.33,0.00,12247,0
101.33,0.00,12247,0
101.33,0.00,15792,0
101.32,0.00,23458,0
101.32,0.00,23458,0
101.32,0.00,25456,0
101.32,0.00,29798,0
101.33,0.00,29798,0
101.33,0.00,30032,0
101.33,0.00,27978,0
101.33,0.00,27978,0
101.35,0.00,31322,0
101.35,0.00,27152,0
101.35,0.00,27152,0
101.35,0.00,28122,0
101.38,0.00,28122,0
101.38,0.00,28324,0
101.38,0.00,24970,0
101.38,0.00,24970,0
101.42,0.00,27046,0
101.42,0.00,28864,0
101.42,0.00,26068,0
101.45,0.00,31480,0
101.45,0.00,31480,0
101.45,0.00,28654,0
101.45,0.00,17240,0
101.48,0.00,17240,0
101.48,0.00,15672,0
101.48,0.00,16650,0
101.48,0.00,16650,0
101.50,0.00,32264,0
101.50,0.00,32264,0
101.50,0.00,32766,0
101.50,0.00,31970,0
101.49,0.00,31970,0
101.49,0.00,30042,0
101.49,0.00,28220,0
101.49,0.00,28220,0
101.47,0.00,26510,0
101.47,0.00,24900,0
101.47,0.00,24900,0
101.47,0.00,23394,0
101.45,0.00,21976,0
101.45,0.00,21976,0
101.45,0.00,20644,0
101.42,0.00,19396,0
101.42,0.00,18216,0
101.42,0.00,17114,0
101.42,0.00,17114,0
101.40,0.00,16078,0
101.40,0.00,15103,0
101.40,0.00,15103,0
101.40,0.00,14187,0
101.37,0.00,14187,0
101.37,0.00,13327,0
101.37,0.00,12520,0
101.37,0.00,12520,0
101.35,0.00,11760,0
101.35,0.00,11048,0
101.35,0.00,11048,0
101.35,0.00,12633,0
101.33,0.00,14227,0
101.33,0.00,14227,0
101.33,0.00,21086,0
101.33,0.00,23242,0
101.33,0.00,23242,0
101.33,0.00,28446,0
101.33,0.00,26486,0
101.33,0.00,26486,0
101.36,0.00,30822,0
101.36,0.00,31396,0
101.36,0.00,27982,0
101.40,0.00,29996,0
101.40,0.00,28130,0
101.40,0.00,28130,0
101.40,0.00,29090,0
101.43,0.00,32386,0
101.43,0.00,32386,0
101.43,0.00,32536,0
101.43,0.00,32536,0
101.47,0.00,31548,0
101.47,0.00,29634,0
101.47,0.00,27078,0
101.47,0.00,27078,0
101.49,0.00,11070,0
101.49,0.00,11070,0
101.49,0.00,29898,0
101.49,0.00,32766,0
101.49,0.00,32766,0
101.49,0.00,32728,0
101.49,0.00,31388,0
101.49,0.00,31388,0
101.47,0.00,29486,0
101.47,0.00,27702,0
101.47,0.00,26020,0
101.45,0.00,24444,0
101.45,0.00,22962,0
101.45,0.00,22962,0
101.45,0.00,21570,0
101.43,0.00,21570,0
101.43,0.00,20262,0
101.43,0.00,19036,0
101.43,0.00,19036,0
101.40,0.00,17882,0
101.40,0.00,16796,0
101.40,0.00,16796,0
101.40,0.00,15782,0
101.37,0.00,14825,0
101.37,0.00,14825,0
101.37,0.00,13927,0
101.37,0.00,13927,0
101.35,0.00,13083,0
101.35,0.00,12289,0
101.35,0.00,11543,0
101.35,0.00,11543,0
101.33,0.00,10493,0
101.33,0.00,10493,0
101.33,0.00,14583,0
101.33,0.00,13966,0
101.33,0.00,27564,0
101.33,0.00,27010,0
101.33,0.00,27010,0
101.33,0.00,31674,0
101.33,0.00,32344,0
101.33,0.00,32344,0
101.33,0.00,28844,0
101.35,0.00,27042,0
101.35,0.00,27042,0
101.35,0.00,26202,0
101.35,0.00,27400,0
101.39,0.00,27400,0
101.39,0.00,30192,0
101.39,0.00,29408,0
101.39,0.00,29408,0
101.42,0.00,30158,0
101.42,0.00,31146,0
101.42,0.00,31146,0
101.42,0.00,29936,0
101.46,0.00,28120,0
101.46,0.00,28120,0
101.46,0.00,23972,0
101.46,0.00,23972,0
101.48,0.00,12687,0
101.48,0.00,18874,0
101.48,0.00,32742,0
101.47,0.00,32766,0
101.47,0.00,32764,0
101.47,0.00,32764,0
101.47,0.00,31742,0
101.46,0.00,29814,0
101.46,0.00,29814,0
101.46,0.00,28010,0
101.46,0.00,26314,0
101.44,0.00,26314,0
101.44,0.00,24718,0
101.44,0.00,23220,0
101.44,0.00,23220,0
101.42,0.00,21812,0
101.42,0.00,20492,0
101.42,0.00,20492,0
101.42,0.00,19248,0
101.38,0.00,18082,0
101.38,0.00,18082,0
101.38,0.00,16988,0
101.38,0.00,16988,0
101.36,0.00,15957,0
101.34,0.00,14991,0
101.34,0.00,14083,0
101.32,0.00,13229,0
101.32,0.00,12426,0
101.32,0.00,11768,0
101.32,0.00,12230,0
101.32,0.00,22114,0
101.32,0.00,24568,0
101.32,0.00,30344,0
101.32,0.00,32030,0
101.34,0.00,30982,0
101.34,0.00,30978,0
101.34,0.00,30978,0
101.34,0.00,30852,0
101.37,0.00,25378,0
101.37,0.00,25378,0
101.37,0.00,27424,0
101.37,0.00,28906,0
101.40,0.00,28906,0
101.40,0.00,26962,0
101.40,0.00,25100,0
101.40,0.00,25100,0
101.43,0.00,22554,0
101.43,0.00,27602,0
101.43,0.00,27602,0
101.46,0.00,27502,0
101.46,0.00,25838,0
101.46,0.00,23066,0
101.46,0.00,20969,0
101.48,0.00,20969,0
101.48,0.00,28342,0
101.48,0.00,32766,0
101.48,0.00,32766,0
101.47,0.00,32766,0
101.47,0.00,32766,0
101.47,0.00,32766,0
101.47,0.00,32170,0
101.45,0.00,32170,0
101.45,0.00,30268,0
101.45,0.00,28434,0
101.45,0.00,28434,0
101.42,0.00,26712,0
101.42,0.00,25094,0
101.42,0.00,25094,0
101.42,0.00,23572,0
101.40,0.00,22144,0
101.40,0.00,22144,0
101.40,0.00,20802,0
101.40,0.00,19540,0
101.37,0.00,18356,0
101.37,0.00,17242,0
101.37,0.00,16201,0
101.35,0.00,16201,0
101.35,0.00,15219,0
101.35,0.00,15219,0
101.35,0.00,14295,0
101.33,0.00,13429,0
101.33,0.00,13429,0
101.33,0.00,11178,0
101.33,0.00,17658,0
101.32,0.00,17658,0
101.32,0.00,21240,0
101.32,0.00,21914,0
101.32,0.00,21914,0
101.32,0.00,29042,0
101.32,0.00,29074,0
101.32,0.00,29074,0
101.32,0.00,28282,0
101.34,0.00,29818,0
101.34,0.00,29818,0
101.34,0.00,28942,0
101.34,0.00,28942,0
101.38,0.00,27664,0
101.38,0.00,31390,0
101.42,0.00,31580,0
101.42,0.00,26574,0
101.42,0.00,28850,0
101.42,0.00,28850,0
101.46,0.00,26654,0
101.46,0.00,27948,0
101.46,0.00,27948,0
101.46,0.00,26950,0
101.49,0.00,12656,0
101.49,0.00,12656,0
101.49,0.00,11505,0
101.49,0.00,25688,0
101.49,0.00,25688,0
101.49,0.00,32766,0
101.49,0.00,32708,0
101.49,0.00,32708,0
101.49,0.00,31304,0
101.49,0.00,29410,0
101.49,0.00,29410,0
101.49,0.00,27626,0
101.47,0.00,25954,0
101.47,0.00,25954,0
101.47,0.00,24380,0
101.47,0.00,22902,0
101.44,0.00,21518,0
101.44,0.00,20212,0
101.44,0.00,20212,0
101.42,0.00,18988,0
101.42,0.00,17834,0
101.42,0.00,17834,0
101.42,0.00,16754,0
101.40,0.00,15742,0
101.40,0.00,15742,0
101.40,0.00,14787,0
101.40,0.00,14787,0
101.37,0.00,13889,0
101.37,0.00,13048,0
101.37,0.00,13048,0
101.37,0.00,12257,0
101.35,0.00,11513,0
101.35,0.00,11513,0
101.35,0.00,10410,0
101.35,0.00,10006,0
101.34,0.00,10006,0
101.34,0.00,16059,0
101.34,0.00,26030,0
101.34,0.00,26030,0
101.34,0.00,28388,0
101.34,0.00,28384,0
101.34,0.00,30692,0
101.35,0.00,27738,0
101.35,0.00,27304,0
101.35,0.00,27304,0
101.35,0.00,28004,0
101.38,0.00,28004,0
101.38,0.00,31206,0
101.38,0.00,29038,0
101.38,0.00,29038,0
101.41,0.00,28102,0
101.41,0.00,29730,0
101.41,0.00,29730,0
101.41,0.00,29832,0
101.44,0.00,29832,0
101.44,0.00,31314,0
101.44,0.00,28152,0
101.44,0.00,28152,0
101.45,0.00,16353,0
101.45,0.00,15946,0
101.45,0.00,15946,0
101.45,0.00,32350,0
101.45,0.00,32766,0
101.45,0.00,32766,0
101.45,0.00,31848,0
101.44,0.00,29920,0
101.44,0.00,28104,0
101.44,0.00,26402,0
101.44,0.00,24802,0
101.42,0.00,24802,0
101.42,0.00,23298,0
101.42,0.00,23298,0
101.42,0.00,21888,0
101.40,0.00,20560,0
101.40,0.00,20560,0
101.40,0.00,19314,0
101.40,0.00,18142,0
101.37,0.00,18142,0
101.37,0.00,17042,0
101.37,0.00,16010,0
101.37,0.00,16010,0
101.35,0.00,15041,0
101.35,0.00,14128,0
101.35,0.00,14128,0
101.35,0.00,13274,0
101.33,0.00,12469,0
101.33,0.00,12469,0
101.33,0.00,11712,0
101.33,0.00,10997,0
101.32,0.00,10001,0
101.32,0.00,13136,0
101.32,0.00,21116,0
101.31,0.00,21116,0
101.31,0.00,26370,0
101.31,0.00,26370,0
101.31,0.00,27664,0
101.31,0.00,28612,0
101.31,0.00,28612,0
101.31,0.00,27842,0
101.31,0.00,28386,0
101.34,0.00,28386,0
101.34,0.00,28638,0
101.34,0.00,29838,0
101.34,0.00,29838,0
101.37,0.00,30144,0
101.37,0.00,26234,0
101.37,0.00,26234,0
101.37,0.00,29016,0
101.41,0.00,31026,0
101.41,0.00,31026,0
101.41,0.00,29920,0
101.41,0.00,29920,0
101.44,0.00,30410,0
101.47,0.00,28512,0
101.47,0.00,17300,0
101.47,0.00,16686,0
101.47,0.00,32600,0
101.47,0.00,32766,0
101.45,0.00,32452,0
101.45,0.00,30668,0
101.45,0.00,28812,0
101.45,0.00,27064,0
101.44,0.00,25424,0
101.44,0.00,23886,0
101.44,0.00,22436,0
101.44,0.00,21078,0
101.41,0.00,21078,0
101.41,0.00,19802,0
101.41,0.00,18600,0
101.41,0.00,18600,0
101.39,0.00,17472,0
101.39,0.00,16414,0
101.39,0.00,16414,0
101.39,0.00,15419,0
101.36,0.00,15419,0
101.36,0.00,14484,0
101.36,0.00,13608,0
101.36,0.00,13608,0
101.34,0.00,12784,0
101.34,0.00,12007,0
101.33,0.00,11281,0
101.33,0.00,10284,0
101.33,0.00,9349,0
101.33,0.00,14327,0
101.32,0.00,14327,0
101.32,0.00,24072,0
101.32,0.00,24072,0
101.32,0.00,30052,0
101.33,0.00,30828,0
101.33,0.00,30828,0
101.33,0.00,30110,0
101.33,0.00,28934,0
101.35,0.00,28934,0
101.35,0.00,29450,0
101.35,0.00,29228,0
101.35,0.00,29228,0
101.38,0.00,29152,0
101.38,0.00,25446,0
101.38,0.00,25446,0
101.38,0.00,29582,0
101.41,0.00,26980,0
101.41,0.00,26980,0
101.41,0.00,31786,0
101.43,0.00,27752,0
101.43,0.00,28392,0
101.43,0.00,23970,0
101.43,0.00,23970,0
101.46,0.00,18174,0
101.46,0.00,21326,0
101.46,0.00,21326,0
101.46,0.00,32766,0
101.46,0.00,32766,0
101.46,0.00,32766,0
101.46,0.00,32582,0
101.46,0.00,32582,0
101.45,0.00,30936,0
101.45,0.00,29062,0
101.45,0.00,29062,0
101.45,0.00,27300,0
101.42,0.00,25646,0
101.42,0.00,25646,0
101.42,0.00,24090,0
101.42,0.00,22632,0
101.41,0.00,22632,0
101.41,0.00,21260,0
101.41,0.00,19972,0
101.38,0.00,18760,0
101.38,0.00,17624,0
101.38,0.00,17624,0
101.38,0.00,16556,0
101.36,0.00,15553,0
101.36,0.00,15553,0
101.36,0.00,14611,0
101.36,0.00,13724,0
101.33,0.00,13724,0
101.33,0.00,12893,0
101.33,0.00,12112,0
101.33,0.00,12112,0
101.32,0.00,11378,0
101.32,0.00,10687,0
101.32,0.00,10687,0
101.32,0.00,10318,0
101.31,0.00,15450,0
101.31,0.00,15450,0
101.31,0.00,18326,0
101.31,0.00,28082,0
101.31,0.00,28082,0
101.31,0.00,31620,0
101.31,0.00,30020,0
101.31,0.00,30020,0
101.33,0.00,28094,0
101.33,0.00,31644,0
101.33,0.00,26800,0
101.36,0.00,32062,0
101.36,0.00,32062,0
101.36,0.00,28676,0
101.36,0.00,32644,0
101.39,0.00,32644,0
101.39,0.00,32486,0
101.39,0.00,32486,0
101.39,0.00,30772,0
101.42,0.00,29572,0
101.42,0.00,29572,0
101.42,0.00,26388,0
101.42,0.00,12693,0
101.44,0.00,12693,0
101.44,0.00,11794,0
101.44,0.00,30828,0
101.44,0.00,30828,0
101.44,0.00,32766,0
101.44,0.00,32704,0
101.44,0.00,32704,0
101.44,0.00,31296,0
101.44,0.00,29402,0
101.44,0.00,29402,0
101.44,0.00,27618,0
101.42,0.00,25948,0
101.42,0.00,24376,0
101.42,0.00,22898,0
101.42,0.00,22898,0
101.39,0.00,21510,0
101.39,0.00,20204,0
101.39,0.00,20204,0
101.39,0.00,18982,0
101.37,0.00,18982,0
101.37,0.00,17830,0
101.37,0.00,16750,0
101.37,0.00,16750,0
101.35,0.00,15737,0
101.35,0.00,14783,0
101.35,0.00,14783,0
101.35,0.00,13887,0
101.33,0.00,13043,0
101.33,0.00,13043,0
101.33,0.00,12254,0
101.33,0.00,11511,0
101.32,0.00,11511,0
101.32,0.00,10539,0
101.32,0.00,9580,0
101.32,0.00,9580,0
101.30,0.00,15711,0
101.30,0.00,28358,0
101.30,0.00,27390,0
101.32,0.00,27140,0
101.32,0.00,28526,0
101.32,0.00,28526,0
101.32,0.00,27550,0
101.34,0.00,27550,0
101.34,0.00,28330,0
101.34,0.00,30258,0
101.34,0.00,30258,0
101.38,0.00,27596,0
101.38,0.00,29624,0
101.38,0.00,29624,0
101.38,0.00,24028,0
101.41,0.00,26488,0
101.41,0.00,26488,0
101.41,0.00,30098,0
101.41,0.00,32522,0
101.45,0.00,32522,0
101.45,0.00,30534,0
101.45,0.00,17650,0
101.45,0.00,17650,0
101.47,0.00,16045,0
101.47,0.00,29714,0
101.47,0.00,32754,0
101.47,0.00,31580,0
101.47,0.00,31580,0
101.47,0.00,29666,0
101.47,0.00,27868,0
101.46,0.00,27868,0
101.46,0.00,26178,0
101.46,0.00,24592,0
101.46,0.00,24592,0
101.44,0.00,23102,0
101.44,0.00,21706,0
101.44,0.00,21706,0
101.44,0.00,20388,0
101.42,0.00,20388,0
101.42,0.00,19152,0
101.42,0.00,17992,0
101.42,0.00,17992,0
101.39,0.00,16900,0
101.39,0.00,15880,0
101.39,0.00,15880,0
101.39,0.00,14913,0
101.37,0.00,14011,0
101.37,0.00,14011,0
101.35,0.00,13163,0
101.33,0.00,12364,0
101.32,0.00,11615,0
101.32,0.00,10912,0
101.32,0.00,10250,0
101.33,0.00,9318,0
101.33,0.00,8470,0
101.33,0.00,15726,0
101.33,0.00,25232,0
101.35,0.00,27838,0
101.35,0.00,28914,0
101.35,0.00,32542,0
101.35,0.00,26916,0
101.38,0.00,28090,0
101.38,0.00,29484,0
101.38,0.00,30356,0
101.38,0.00,29396,0
101.41,0.00,26722,0
101.41,0.00,29872,0
101.41,0.00,29872,0
101.41,0.00,27676,0
101.43,0.00,24144,0
101.43,0.00,24144,0
101.43,0.00,21949,0
101.43,0.00,19953,0
101.45,0.00,16030,0
101.45,0.00,31876,0
101.46,0.00,31170,0
101.46,0.00,29282,0
101.46,0.00,27512,0
101.46,0.00,27512,0
101.44,0.00,25844,0
101.44,0.00,24278,0
101.44,0.00,24278,0
101.44,0.00,22804,0
101.42,0.00,21422,0
101.42,0.00,21422,0
101.42,0.00,20124,0
101.42,0.00,18906,0
101.40,0.00,18906,0
101.40,0.00,17762,0
101.40,0.00,17762,0
101.40,0.00,16684,0
101.38,0.00,15674,0
101.38,0.00,15674,0
101.38,0.00,14724,0
101.38,0.00,13831,0
101.36,0.00,13831,0
101.36,0.00,12993,0
101.36,0.00,12206,0
101.34,0.00,11465,0
101.34,0.00,10771,0
101.34,0.00,10771,0
101.34,0.00,10117,0
101.33,0.00,9197,0
101.33,0.00,9197,0
101.33,0.00,8360,0
101.33,0.00,7599,0
101.31,0.00,7599,0
101.31,0.00,6908,0
101.31,0.00,6908,0
101.31,0.00,17372,0
101.31,0.00,25252,0
101.31,0.00,25252,0
101.31,0.00,28642,0
101.31,0.00,28938,0
101.33,0.00,28938,0
101.33,0.00,27724,0
101.33,0.00,30374,0
101.33,0.00,30374,0
101.36,0.00,31504,0
101.36,0.00,26648,0
101.36,0.00,26648,0
101.36,0.00,28536,0
101.40,0.00,31294,0
101.40,0.00,32766,0
101.40,0.00,29488,0
101.43,0.00,25762,0
101.43,0.00,25762,0
101.43,0.00,23419,0
101.43,0.00,23419,0
101.45,0.00,10540,0
101.45,0.00,28922,0
101.45,0.00,28922,0
101.45,0.00,30626,0
101.45,0.00,28772,0
101.45,0.00,28772,0
101.45,0.00,27030,0
101.45,0.00,25390,0
101.44,0.00,25390,0
101.44,0.00,23852,0
101.44,0.00,22406,0
101.44,0.00,22406,0
101.42,0.00,21050,0
101.42,0.00,19774,0
101.42,0.00,19774,0
101.42,0.00,18574,0
101.40,0.00,18574,0
101.40,0.00,17448,0
101.40,0.00,16390,0
101.38,0.00,15399,0
101.38,0.00,14465,0
101.38,0.00,13589,0
101.38,0.00,13589,0
101.35,0.00,12765,0
101.35,0.00,12765,0
101.35,0.00,11992,0
101.35,0.00,11265,0
101.33,0.00,11265,0
101.33,0.00,10582,0
101.33,0.00,9620,0
101.33,0.00,9620,0
101.31,0.00,8745,0
101.31,0.00,7949,0
101.31,0.00,7949,0
101.31,0.00,7226,0
101.30,0.00,7226,0
101.30,0.00,6569,0
101.30,0.00,20468,0
101.30,0.00,20468,0
101.29,0.00,26296,0
101.29,0.00,28264,0
101.29,0.00,28264,0
101.31,0.00,29236,0
101.31,0.00,28538,0
101.31,0.00,29662,0
101.31,0.00,28620,0
101.33,0.00,28620,0
101.33,0.00,30358,0
101.33,0.00,28096,0
101.33,0.00,28096,0
101.36,0.00,30872,0
101.36,0.00,25274,0
101.36,0.00,25274,0
101.36,0.00,28724,0
101.39,0.00,29856,0
101.39,0.00,29856,0
101.39,0.00,24902,0
101.39,0.00,10360,0
101.41,0.00,10360,0
101.41,0.00,9418,0
101.41,0.00,18710,0
101.41,0.00,18710,0
101.42,0.00,31930,0
101.42,0.00,31268,0
101.42,0.00,31268,0
101.42,0.00,29374,0
101.42,0.00,29374,0
101.42,0.00,27590,0
101.42,0.00,25920,0
101.40,0.00,24348,0
101.40,0.00,22872,0
101.40,0.00,21486,0
101.40,0.00,21486,0
101.38,0.00,20184,0
101.38,0.00,20184,0
101.38,0.00,18962,0
101.38,0.00,17812,0
101.36,0.00,17812,0
101.36,0.00,16732,0
101.36,0.00,15721,0
101.36,0.00,15721,0
101.33,0.00,14765,0
101.33,0.00,13873,0
101.33,0.00,13873,0
101.33,0.00,13033,0
101.31,0.00,12243,0
101.31,0.00,12243,0
101.31,0.00,11499,0
101.31,0.00,10804,0
101.29,0.00,10804,0
101.29,0.00,10148,0
101.29,0.00,9225,0
101.27,0.00,8386,0
101.27,0.00,16912,0
101.27,0.00,16912,0
101.27,0.00,20958,0
101.27,0.00,17952,0
101.27,0.00,17952,0
101.27,0.00,24924,0
101.27,0.00,24924,0
101.28,0.00,26924,0
101.28,0.00,30272,0
101.28,0.00,30272,0
101.28,0.00,29568,0
101.31,0.00,28960,0
101.31,0.00,28960,0
101.31,0.00,30576,0
101.31,0.00,31544,0
101.34,0.00,31544,0
101.34,0.00,32628,0
101.34,0.00,31928,0
101.34,0.00,31928,0
101.38,0.00,29464,0
101.38,0.00,25352,0
101.38,0.00,25352,0
101.40,0.00,10669,0
101.41,0.00,12765,0
101.41,0.00,30392,0
101.41,0.00,30358,0
101.41,0.00,28516,0
101.41,0.00,26786,0
101.41,0.00,25162,0
101.39,0.00,23642,0
101.39,0.00,22208,0
101.39,0.00,20860,0
101.39,0.00,19598,0
101.38,0.00,18410,0
101.38,0.00,17292,0
101.38,0.00,17292,0
101.38,0.00,16247,0
101.36,0.00,15260,0
101.36,0.00,15260,0
101.36,0.00,14337,0
101.36,0.00,13469,0
101.33,0.00,13469,0
101.33,0.00,12651,0
101.33,0.00,11884,0
101.33,0.00,11884,0
101.31,0.00,11164,0
101.31,0.00,10488,0
101.31,0.00,9534,0
101.30,0.00,8667,0
101.30,0.00,8667,0
101.30,0.00,7879,0
101.30,0.00,7162,0
101.29,0.00,7162,0
101.29,0.00,6510,0
101.29,0.00,13339,0
101.29,0.00,13339,0
101.28,0.00,19352,0
101.28,0.00,22630,0
101.28,0.00,22630,0
101.28,0.00,25042,0
101.29,0.00,25042,0
101.29,0.00,30908,0
101.29,0.00,30152,0
101.29,0.00,30152,0
101.32,0.00,27628,0
101.32,0.00,26614,0
101.32,0.00,26614,0
101.32,0.00,29396,0
101.36,0.00,30178,0
101.36,0.00,30178,0
101.36,0.00,31124,0
101.36,0.00,32426,0
101.40,0.00,32532,0
101.40,0.00,32220,0
101.40,0.00,15371,0
101.42,0.00,15371,0
101.42,0.00,10225,0
101.42,0.00,30080,0
101.42,0.00,30080,0
101.44,0.00,30360,0
101.44,0.00,28518,0
101.44,0.00,28518,0
101.44,0.00,26786,0
101.43,0.00,26786,0
101.43,0.00,25162,0
101.43,0.00,23642,0
101.43,0.00,23642,0
101.42,0.00,22208,0
101.42,0.00,20860,0
101.42,0.00,20860,0
101.42,0.00,19598,0
101.41,0.00,18410,0
101.41,0.00,18410,0
101.41,0.00,17292,0
101.41,0.00,16247,0
101.39,0.00,16247,0
101.39,0.00,15260,0
101.39,0.00,14337,0
101.36,0.00,13469,0
101.36,0.00,12651,0
101.36,0.00,12651,0
101.36,0.00,11884,0
101.34,0.00,11164,0
101.34,0.00,11164,0
101.34,0.00,10488,0
101.34,0.00,10488,0
101.32,0.00,9534,0
101.32,0.00,8667,0
101.32,0.00,8667,0
101.32,0.00,7879,0
101.32,0.00,7162,0
101.32,0.00,7162,0
101.32,0.00,6510,0
101.32,0.00,13823,0
101.31,0.00,13823,0
101.31,0.00,22414,0
101.31,0.00,23754,0
101.31,0.00,23754,0
101.32,0.00,25986,0
101.32,0.00,25472,0
101.32,0.00,25472,0
101.34,0.00,30290,0
101.34,0.00,27792,0
101.34,0.00,28040,0
101.34,0.00,29522,0
101.38,0.00,29522,0
101.38,0.00,31908,0
101.38,0.00,32704,0
101.38,0.00,32704,0
101.41,0.00,32294,0
101.41,0.00,32294,0
101.41,0.00,20788,0
101.41,0.00,18898,0
101.43,0.00,18898,0
101.43,0.00,20162,0
101.43,0.00,28598,0
101.43,0.00,28598,0
101.43,0.00,26860,0
101.43,0.00,25236,0
101.43,0.00,25236,0
101.43,0.00,23706,0
101.42,0.00,22270,0
101.42,0.00,22270,0
101.42,0.00,20920,0
101.42,0.00,19652,0
101.41,0.00,18460,0
101.41,0.00,17342,0
101.41,0.00,16290,0
101.39,0.00,16290,0
101.39,0.00,15304,0
101.39,0.00,15304,0
101.39,0.00,14377,0
101.37,0.00,13507,0
101.37,0.00,13507,0
101.37,0.00,12687,0
101.37,0.00,11919,0
101.34,0.00,11919,0
101.34,0.00,11195,0
101.34,0.00,10517,0
101.34,0.00,10517,0
101.32,0.00,9560,0
101.32,0.00,8690,0
101.32,0.00,8690,0
101.32,0.00,7899,0
101.30,0.00,7899,0
101.30,0.00,7180,0
101.30,0.00,6527,0
101.30,0.00,6527,0
101.29,0.00,5933,0
101.29,0.00,5393,0
101.29,0.00,11892,0
101.27,0.00,15759,0
101.27,0.00,19764,0
101.27,0.00,19764,0
101.27,0.00,25678,0
101.28,0.00,25678,0
101.28,0.00,27446,0
101.28,0.00,30212,0
101.28,0.00,30212,0
101.30,0.00,28072,0
101.30,0.00,31052,0
101.30,0.00,31052,0
101.30,0.00,24954,0
101.32,0.00,24954,0
101.32,0.00,28756,0
101.32,0.00,30306,0
101.32,0.00,30306,0
101.36,0.00,32044,0
101.36,0.00,32522,0
101.36,0.00,32522,0
101.36,0.00,32756,0
101.39,0.00,32742,0
101.39,0.00,32742,0
101.39,0.00,19930,0
101.41,0.00,18118,0
101.41,0.00,30016,0
101.41,0.00,31056,0
101.41,0.00,31056,0
101.42,0.00,29168,0
101.42,0.00,27404,0
101.42,0.00,27404,0
101.42,0.00,25742,0
101.41,0.00,24182,0
101.41,0.00,24182,0
101.41,0.00,22716,0
101.41,0.00,21338,0
101.40,0.00,21338,0
101.40,0.00,20046,0
101.40,0.00,18832,0
101.40,0.00,18832,0
101.37,0.00,17692,0
101.37,0.00,16618,0
101.37,0.00,16618,0
101.37,0.00,15613,0
101.35,0.00,15613,0
101.35,0.00,14666,0
101.35,0.00,13778,0
101.35,0.00,13778,0
101.33,0.00,12942,0
101.31,0.00,12158,0
101.30,0.00,11422,0
101.30,0.00,10729,0
101.30,0.00,10078,0
101.30,0.00,9161,0
101.29,0.00,8328,0
101.29,0.00,7570,0
101.29,0.00,14155,0
101.29,0.00,20562,0
101.29,0.00,26640,0
101.29,0.00,30428,0
101.29,0.00,26082,0
101.29,0.00,26082,0
101.32,0.00,26508,0
101.32,0.00,27526,0
101.32,0.00,27526,0
101.32,0.00,28094,0
101.35,0.00,29318,0
101.35,0.00,29318,0
101.35,0.00,30542,0
101.35,0.00,28906,0
101.39,0.00,28906,0
101.39,0.00,30006,0
101.39,0.00,29486,0
101.42,0.00,25524,0
101.42,0.00,23203,0
101.42,0.00,18010,0
101.42,0.00,18010,0
101.44,0.00,28728,0
101.44,0.00,28728,0
101.44,0.00,28370,0
101.44,0.00,26652,0
101.44,0.00,26652,0
101.44,0.00,25038,0
101.44,0.00,23520,0
101.44,0.00,23520,0
101.43,0.00,22096,0
101.43,0.00,20758,0
101.43,0.00,20758,0
101.43,0.00,19498,0
101.42,0.00,18316,0
101.42,0.00,18316,0
101.42,0.00,17208,0
101.42,0.00,16164,0
101.39,0.00,16164,0
101.39,0.00,15185,0
101.39,0.00,14266,0
101.39,0.00,14266,0
101.37,0.00,13402,0
101.37,0.00,12588,0
101.37,0.00,11826,0
101.34,0.00,11108,0
101.34,0.00,11108,0
101.34,0.00,10436,0
101.34,0.00,9487,0
101.33,0.00,9487,0
101.33,0.00,8624,0
101.33,0.00,7839,0
101.33,0.00,7839,0
101.31,0.00,7126,0
101.31,0.00,7126,0
101.31,0.00,6478,0
101.31,0.00,10210,0
101.31,0.00,10210,0
101.31,0.00,11747,0
101.31,0.00,19396,0
101.31,0.00,19396,0
101.30,0.00,25518,0
101.30,0.00,26792,0
101.30,0.00,26792,0
101.30,0.00,29426,0
101.32,0.00,31664,0
101.32,0.00,31664,0
101.32,0.00,25112,0
101.35,0.00,26218,0
101.35,0.00,29652,0
101.35,0.00,30298,0
101.35,0.00,30298,0
101.38,0.00,30314,0
101.38,0.00,29792,0
101.38,0.00,29792,0
101.38,0.00,32706,0
101.41,0.00,27262,0
101.41,0.00,27262,0
101.41,0.00,11601,0
101.41,0.00,11601,0
101.43,0.00,10546,0
101.43,0.00,23494,0
101.43,0.00,23494,0
101.43,0.00,30480,0
101.43,0.00,28632,0
101.43,0.00,28632,0
101.43,0.00,26900,0
101.43,0.00,25272,0
101.43,0.00,25272,0
101.43,0.00,23738,0
101.43,0.00,22300,0
101.43,0.00,22300,0
101.41,0.00,20946,0
101.41,0.00,19680,0
101.41,0.00,18486,0
101.38,0.00,17364,0
101.38,0.00,16315,0
101.38,0.00,16315,0
101.38,0.00,15324,0
101.37,0.00,14398,0
101.37,0.00,14398,0
101.37,0.00,13524,0
101.37,0.00,13524,0
101.34,0.00,12704,0
101.34,0.00,11935,0
101.34,0.00,11212,0
101.34,0.00,11212,0
101.33,0.00,10531,0
101.33,0.00,10531,0
101.33,0.00,9573,0
101.33,0.00,8702,0
101.31,0.00,8702,0
101.31,0.00,7910,0
101.31,0.00,7190,0
101.31,0.00,7190,0
101.30,0.00,6536,0
101.30,0.00,20126,0
101.30,0.00,17962,0
101.30,0.00,22574,0
101.30,0.00,22574,0
101.30,0.00,27514,0
101.30,0.00,27990,0
101.32,0.00,27990,0
101.32,0.00,30426,0
101.32,0.00,27494,0
101.32,0.00,27494,0
101.35,0.00,29428,0
101.35,0.00,29238,0
101.35,0.00,29238,0
101.35,0.00,32742,0
101.37,0.00,32766,0
101.37,0.00,32766,0
101.37,0.00,32760,0
101.37,0.00,32760,0
101.40,0.00,22168,0
101.40,0.00,20152,0
101.40,0.00,27774,0
101.40,0.00,27774,0
101.42,0.00,28472,0
101.42,0.00,28472,0
101.42,0.00,26746,0
101.41,0.00,25122,0
101.41,0.00,23600,0
101.41,0.00,22170,0
101.41,0.00,20826,0
101.40,0.00,20826,0
101.40,0.00,19564,0
101.40,0.00,19564,0
101.40,0.00,18380,0
101.38,0.00,17264,0
101.38,0.00,17264,0
101.38,0.00,16220,0
101.38,0.00,15235,0
101.36,0.00,15235,0
101.36,0.00,14314,0
101.36,0.00,13444,0
101.36,0.00,13444,0
101.34,0.00,12631,0
101.34,0.00,11867,0
101.34,0.00,11867,0
101.34,0.00,11146,0
101.32,0.00,10470,0
101.32,0.00,10470,0
101.32,0.00,9518,0
101.32,0.00,9518,0
101.29,0.00,8652,0
101.29,0.00,7865,0
101.29,0.00,7149,0
101.28,0.00,6499,0
101.28,0.00,5908,0
101.28,0.00,5908,0
101.28,0.00,5370,0
101.27,0.00,11577,0
101.27,0.00,11577,0
101.27,0.00,17346,0
101.27,0.00,21212,0
101.26,0.00,21212,0
101.26,0.00,25222,0
101.26,0.00,28886,0
101.26,0.00,28886,0
101.28,0.00,29146,0
101.28,0.00,27516,0
101.28,0.00,27516,0
101.28,0.00,30460,0
101.31,0.00,28088,0
101.31,0.00,28088,0
101.31,0.00,30338,0
101.31,0.00,30338,0
101.34,0.00,28924,0
101.34,0.00,31100,0
101.37,0.00,29252,0
101.39,0.00,23208,0
101.39,0.00,17312,0
101.39,0.00,15738,0
101.39,0.00,20280,0
101.40,0.00,29242,0
101.40,0.00,27470,0
101.40,0.00,25804,0
101.40,0.00,24244,0
101.40,0.00,22774,0
101.40,0.00,21392,0
101.40,0.00,21392,0
101.40,0.00,20094,0
101.38,0.00,18880,0
101.38,0.00,18880,0
101.38,0.00,17734,0
101.38,0.00,16660,0
101.37,0.00,16660,0
101.37,0.00,15650,0
101.37,0.00,14704,0
101.37,0.00,14704,0
101.35,0.00,13810,0
101.35,0.00,12975,0
101.35,0.00,12975,0
101.32,0.00,12186,0
101.32,0.00,11449,0
101.32,0.00,10755,0
101.32,0.00,10102,0
101.31,0.00,10102,0
101.31,0.00,9183,0
101.31,0.00,8348,0
101.31,0.00,8348,0
101.29,0.00,7589,0
101.29,0.00,7589,0
101.29,0.00,6899,0
101.29,0.00,6271,0
101.28,0.00,6271,0
101.28,0.00,10306,0
101.28,0.00,16812,0
101.28,0.00,16812,0
101.28,0.00,16212,0
101.28,0.00,22640,0
101.28,0.00,22640,0
101.28,0.00,28994,0
101.30,0.00,26882,0
101.30,0.00,26882,0
101.30,0.00,28244,0
101.30,0.00,29482,0
101.32,0.00,29482,0
101.32,0.00,26894,0
101.32,0.00,27984,0
101.35,0.00,28926,0
101.35,0.00,29974,0
101.35,0.00,29974,0
101.35,0.00,32418,0
101.38,0.00,25452,0
101.38,0.00,25452,0
101.38,0.00,13151,0
101.38,0.00,13151,0
101.40,0.00,11955,0
101.40,0.00,23986,0
101.40,0.00,23986,0
101.40,0.00,26942,0
101.41,0.00,25308,0
101.41,0.00,25308,0
101.41,0.00,23774,0
101.41,0.00,22334,0
101.40,0.00,22334,0
101.40,0.00,20982,0
101.40,0.00,19710,0
101.40,0.00,19710,0
101.39,0.00,18516,0
101.39,0.00,17392,0
101.39,0.00,16339,0
101.37,0.00,15348,0
101.37,0.00,15348,0
101.37,0.00,14418,0
101.37,0.00,13546,0
101.35,0.00,13546,0
101.35,0.00,12724,0
101.35,0.00,11954,0
101.35,0.00,11954,0
101.33,0.00,11228,0
101.33,0.00,10549,0
101.33,0.00,10549,0
101.33,0.00,9590,0
101.30,0.00,9590,0
101.30,0.00,8718,0
101.30,0.00,7925,0
101.30,0.00,7925,0
101.29,0.00,7204,0
101.29,0.00,6549,0
101.29,0.00,6549,0
101.29,0.00,5953,0
101.28,0.00,5411,0
101.28,0.00,5411,0
101.28,0.00,4919,0
101.28,0.00,14690,0
101.27,0.00,24876,0
101.27,0.00,27688,0
101.27,0.00,26568,0
101.29,0.00,26568,0
101.29,0.00,30772,0
101.29,0.00,32236,0
101.29,0.00,32236,0
101.31,0.00,31506,0
101.31,0.00,32708,0
101.31,0.00,32708,0
101.31,0.00,32172,0
101.34,0.00,32172,0
101.34,0.00,32764,0
101.34,0.00,32766,0
101.34,0.00,32766,0
101.37,0.00,32672,0
101.37,0.00,29508,0
101.37,0.00,29508,0
101.37,0.00,13615,0
101.39,0.00,12377,0
101.39,0.00,12377,0
101.39,0.00,22234,0
101.39,0.00,31816,0
101.41,0.00,31816,0
101.41,0.00,30200,0
101.41,0.00,28372,0
101.40,0.00,26652,0
101.40,0.00,25032,0
101.40,0.00,25032,0
101.40,0.00,23516,0
101.39,0.00,22092,0
101.39,0.00,22092,0
101.39,0.00,20754,0
101.39,0.00,20754,0
101.38,0.00,19496,0
101.38,0.00,18312,0
101.38,0.00,18312,0
101.38,0.00,17202,0
101.35,0.00,16161,0
101.35,0.00,16161,0
101.35,0.00,15182,0
101.35,0.00,14262,0
101.33,0.00,14262,0
101.33,0.00,13398,0
101.33,0.00,12585,0
101.33,0.00,12585,0
101.31,0.00,11823,0
101.31,0.00,11107,0
101.31,0.00,11107,0
101.29,0.00,10433,0
101.29,0.00,9484,0
101.29,0.00,8621,0
101.29,0.00,7837,0
101.28,0.00,7837,0
101.28,0.00,7124,0
101.28,0.00,7124,0
101.28,0.00,6476,0
101.27,0.00,13565,0
101.27,0.00,13565,0
101.27,0.00,13473,0
101.27,0.00,22894,0
101.28,0.00,22894,0
101.28,0.00,30792,0
101.28,0.00,29218,0
101.28,0.00,29218,0
101.30,0.00,32602,0
101.30,0.00,32766,0
101.30,0.00,32766,0
101.30,0.00,31020,0
101.33,0.00,27710,0
101.33,0.00,27710,0
101.33,0.00,32766,0
101.33,0.00,32398,0
101.36,0.00,32398,0
101.36,0.00,32766,0
101.36,0.00,32646,0
101.38,0.00,22084,0
101.38,0.00,20076,0
101.38,0.00,20076,0
101.38,0.00,18250,0
101.39,0.00,23028,0
101.39,0.00,23028,0
101.39,0.00,32072,0
101.39,0.00,32072,0
101.40,0.00,30158,0
101.40,0.00,28328,0
101.40,0.00,28328,0
101.40,0.00,26614,0
101.39,0.00,25000,0
101.39,0.00,25000,0
101.39,0.00,23484,0
101.39,0.00,22062,0
101.37,0.00,22062,0
101.37,0.00,20724,0
101.37,0.00,19468,0
101.37,0.00,19468,0
101.35,0.00,18286,0
101.35,0.00,17180,0
101.33,0.00,16138,0
101.30,0.00,15160,0
101.30,0.00,14244,0
101.30,0.00,13380,0
101.29,0.00,12568,0
101.29,0.00,11806,0
101.29,0.00,11091,0
101.29,0.00,10419,0
101.27,0.00,9471,0
101.27,0.00,8610,0
101.27,0.00,7827,0
101.27,0.00,7827,0
101.26,0.00,7115,0
101.26,0.00,6468,0
101.26,0.00,6468,0
101.26,0.00,16500,0
101.25,0.00,27366,0
101.25,0.00,27366,0
101.25,0.00,30960,0
101.25,0.00,29042,0
101.27,0.00,29042,0
101.27,0.00,31132,0
101.27,0.00,31364,0
101.27,0.00,31364,0
101.30,0.00,30960,0
101.30,0.00,32598,0
101.30,0.00,32706,0
101.32,0.00,32346,0
101.32,0.00,32610,0
101.32,0.00,32610,0
101.32,0.00,32238,0
101.35,0.00,32238,0
101.35,0.00,27036,0
101.35,0.00,14381,0
101.35,0.00,14381,0
101.37,0.00,13073,0
101.37,0.00,21832,0
101.37,0.00,21832,0
101.37,0.00,32766,0
101.38,0.00,31994,0
101.38,0.00,31994,0
101.38,0.00,30066,0
101.38,0.00,28244,0
101.37,0.00,28244,0
101.37,0.00,26536,0
101.37,0.00,24926,0
101.37,0.00,24926,0
101.36,0.00,23412,0
101.36,0.00,21996,0
101.34,0.00,20660,0
101.34,0.00,19410,0
101.34,0.00,18234,0
101.34,0.00,18234,0
101.32,0.00,17128,0
101.32,0.00,16093,0
101.32,0.00,16093,0
101.32,0.00,15116,0
101.31,0.00,15116,0
101.31,0.00,14201,0
101.31,0.00,13341,0
101.31,0.00,13341,0
101.28,0.00,12529,0
101.28,0.00,11772,0
101.28,0.00,11772,0
101.28,0.00,11057,0
101.27,0.00,10388,0
101.27,0.00,10388,0
101.27,0.00,9443,0
101.27,0.00,8584,0
101.26,0.00,8584,0
101.26,0.00,7803,0
101.26,0.00,7093,0
101.26,0.00,7093,0
101.25,0.00,6448,0
101.25,0.00,16309,0
101.25,0.00,22542,0
101.26,0.00,26790,0
101.26,0.00,25138,0
101.26,0.00,25138,0
101.26,0.00,31014,0
101.27,0.00,31694,0
101.27,0.00,31694,0
101.27,0.00,31728,0
101.27,0.00,30704,0
101.30,0.00,30704,0
101.30,0.00,32586,0
101.30,0.00,30006,0
101.30,0.00,30006,0
101.33,0.00,31458,0
101.33,0.00,31458,0
101.33,0.00,23382,0
101.33,0.00,22604,0
101.36,0.00,22604,0
101.36,0.00,14176,0
101.36,0.00,12887,0
101.36,0.00,12887,0
101.38,0.00,11715,0
101.38,0.00,10950,0
101.38,0.00,26274,0
101.39,0.00,29792,0
101.39,0.00,29792,0
101.39,0.00,27990,0
101.39,0.00,26292,0
101.38,0.00,26292,0
101.38,0.00,24698,0
101.38,0.00,24698,0
101.38,0.00,23202,0
101.36,0.00,21796,0
101.36,0.00,21796,0
101.36,0.00,20474,0
101.36,0.00,19234,0
101.34,0.00,19234,0
101.34,0.00,18068,0
101.34,0.00,16974,0
101.34,0.00,16974,0
101.33,0.00,15946,0
101.33,0.00,14977,0
101.33,0.00,14977,0
101.33,0.00,14071,0
101.30,0.00,13218,0
101.30,0.00,13218,0
101.30,0.00,12417,0
101.30,0.00,11666,0
101.29,0.00,10959,0
101.29,0.00,10294,0
101.29,0.00,9358,0
101.27,0.00,9358,0
101.27,0.00,8507,0
101.27,0.00,8507,0
101.27,0.00,7733,0
101.26,0.00,7029,0
101.26,0.00,7029,0
101.26,0.00,6389,0
101.26,0.00,18066,0
101.26,0.00,18066,0
101.26,0.00,25050,0
101.26,0.00,28398,0
101.26,0.00,28398,0
101.27,0.00,29982,0
101.27,0.00,28334,0
101.27,0.00,28334,0
101.27,0.00,26462,0
101.30,0.00,31476,0
101.30,0.00,31476,0
101.30,0.00,28762,0
101.30,0.00,28762,0
101.33,0.00,31572,0
101.33,0.00,32422,0
101.35,0.00,31412,0
101.35,0.00,31748,0
101.35,0.00,21780,0
101.35,0.00,21780,0
101.37,0.00,19800,0
101.37,0.00,14193,0
101.37,0.00,14193,0
101.37,0.00,25474,0
101.39,0.00,29996,0
101.39,0.00,29996,0
101.39,0.00,28180,0
101.39,0.00,26472,0
101.39,0.00,26472,0
101.39,0.00,24868,0
101.39,0.00,23360,0
101.39,0.00,23360,0
101.37,0.00,21946,0
101.37,0.00,20618,0
101.37,0.00,20618,0
101.37,0.00,19364,0
101.36,0.00,18192,0
101.36,0.00,18192,0
101.36,0.00,17090,0
101.36,0.00,16054,0
101.34,0.00,15083,0
101.34,0.00,14169,0
101.34,0.00,14169,0
101.32,0.00,13309,0
101.32,0.00,12502,0
101.32,0.00,12502,0
101.32,0.00,11746,0
101.30,0.00,11032,0
101.30,0.00,11032,0
101.30,0.00,10363,0
101.30,0.00,10363,0
101.28,0.00,9420,0
101.28,0.00,8563,0
101.28,0.00,8563,0
101.28,0.00,7784,0
101.27,0.00,7076,0
101.27,0.00,7076,0
101.27,0.00,6432,0
101.27,0.00,5847,0
101.27,0.00,5847,0
101.27,0.00,24994,0
101.27,0.00,22428,0
101.27,0.00,22428,0
101.29,0.00,29950,0
101.29,0.00,32610,0
101.31,0.00,32370,0
101.35,0.00,31524,0
101.35,0.00,31868,0
101.35,0.00,32724,0
101.38,0.00,32446,0
101.38,0.00,31974,0
101.38,0.00,31718,0
101.38,0.00,27256,0
101.40,0.00,10289,0
101.40,0.00,10977,0
101.40,0.00,30518,0
101.40,0.00,30518,0
101.40,0.00,31772,0
101.40,0.00,29844,0
101.40,0.00,29844,0
101.40,0.00,28034,0
101.39,0.00,26336,0
101.39,0.00,26336,0
101.39,0.00,24742,0
101.39,0.00,23242,0
101.37,0.00,23242,0
101.37,0.00,21832,0
101.37,0.00,20512,0
101.37,0.00,20512,0
101.35,0.00,19264,0
101.35,0.00,18098,0
101.35,0.00,17004,0
101.33,0.00,15974,0
101.33,0.00,15003,0
101.33,0.00,15003,0
101.33,0.00,14097,0
101.30,0.00,13241,0
101.30,0.00,13241,0
101.30,0.00,12439,0
101.30,0.00,11685,0
101.28,0.00,11685,0
101.28,0.00,10977,0
101.28,0.00,10311,0
101.28,0.00,10311,0
101.26,0.00,9373,0
101.26,0.00,8520,0
101.26,0.00,8520,0
101.26,0.00,7745,0
101.25,0.00,7745,0
101.25,0.00,7040,0
101.25,0.00,6399,0
101.25,0.00,6399,0
101.23,0.00,10571,0
101.23,0.00,15104,0
101.23,0.00,18594,0
101.24,0.00,29420,0
101.24,0.00,32644,0
101.24,0.00,32644,0
101.24,0.00,31374,0
101.26,0.00,31374,0
101.26,0.00,32632,0
101.26,0.00,29812,0
101.26,0.00,29812,0
101.28,0.00,28886,0
101.28,0.00,32174,0
101.28,0.00,32174,0
101.28,0.00,31484,0
101.31,0.00,31484,0
101.31,0.00,32766,0
101.31,0.00,32766,0
101.31,0.00,32766,0
101.34,0.00,30976,0
101.34,0.00,16311,0
101.34,0.00,16311,0
101.34,0.00,14828,0
101.36,0.00,25928,0
101.36,0.00,25928,0
101.36,0.00,32380,0
101.36,0.00,30558,0
101.36,0.00,28704,0
101.36,0.00,26966,0
101.36,0.00,26966,0
101.36,0.00,25328,0
101.36,0.00,23796,0
101.36,0.00,23796,0
101.36,0.00,22352,0
101.34,0.00,21000,0
101.34,0.00,21000,0
101.34,0.00,19726,0
101.34,0.00,18530,0
101.33,0.00,18530,0
101.33,0.00,17406,0
101.33,0.00,16355,0
101.33,0.00,16355,0
101.31,0.00,15364,0
101.31,0.00,14431,0
101.31,0.00,14431,0
101.31,0.00,13556,0
101.29,0.00,13556,0
101.29,0.00,12735,0
101.29,0.00,11962,0
101.29,0.00,11962,0
101.27,0.00,11238,0
101.27,0.00,10556,0
101.27,0.00,9596,0
101.25,0.00,8723,0
101.25,0.00,7929,0
101.25,0.00,7929,0
101.25,0.00,7208,0
101.24,0.00,6552,0
101.24,0.00,6552,0
101.24,0.00,5956,0
101.24,0.00,5956,0
101.23,0.00,5414,0
101.23,0.00,16804,0
101.23,0.00,16804,0
101.23,0.00,19904,0
101.23,0.00,25366,0
101.23,0.00,25366,0
101.23,0.00,29320,0
101.23,0.00,32446,0
101.25,0.00,32446,0
101.25,0.00,25726,0
101.25,0.00,29058,0
101.25,0.00,29058,0
101.27,0.00,29276,0
101.27,0.00,29182,0
101.27,0.00,29182,0
101.30,0.00,32766,0
101.30,0.00,31870,0
101.30,0.00,32670,0
101.30,0.00,23668,0
101.32,0.00,23668,0
101.32,0.00,21516,0
101.32,0.00,11915,0
101.32,0.00,11915,0
101.34,0.00,30030,0
101.34,0.00,30030,0
101.34,0.00,29068,0
101.34,0.00,27306,0
101.33,0.00,27306,0
101.33,0.00,25652,0
101.33,0.00,24100,0
101.33,0.00,24100,0
101.32,0.00,22638,0
101.32,0.00,21264,0
101.32,0.00,21264,0
101.32,0.00,19978,0
101.31,0.00,18766,0
101.31,0.00,18766,0
101.31,0.00,17628,0
101.31,0.00,16560,0
101.29,0.00,15560,0
101.29,0.00,14614,0
101.29,0.00,14614,0
101.27,0.00,13728,0
101.27,0.00,12895,0
101.27,0.00,12895,0
101.27,0.00,12116,0
101.25,0.00,11380,0
101.25,0.00,11380,0
101.25,0.00,10691,0
101.25,0.00,10042,0
101.24,0.00,10042,0
101.24,0.00,9129,0
101.24,0.00,8299,0
101.24,0.00,8299,0
101.23,0.00,7544,0
101.23,0.00,6858,0
101.23,0.00,6858,0
101.23,0.00,6234,0
101.21,0.00,6234,0
101.21,0.00,5667,0
101.21,0.00,16339,0
101.21,0.00,16339,0
101.21,0.00,24690,0
101.21,0.00,23866,0
101.21,0.00,27240,0
101.22,0.00,27240,0
101.22,0.00,29218,0
101.22,0.00,29218,0
101.22,0.00,29458,0
101.24,0.00,29458,0
101.24,0.00,30086,0
101.24,0.00,29248,0
101.24,0.00,29248,0
101.27,0.00,28154,0
101.27,0.00,30810,0
101.27,0.00,30810,0
101.27,0.00,32680,0
101.30,0.00,32680,0
101.30,0.00,28454,0
101.30,0.00,22286,0
101.30,0.00,22286,0
101.32,0.00,14195,0
101.32,0.00,12904,0
101.32,0.00,12904,0
101.32,0.00,20178,0
101.33,0.00,31898,0
101.33,0.00,31898,0
101.33,0.00,29972,0
101.32,0.00,28156,0
101.32,0.00,26448,0
101.32,0.00,24848,0
101.30,0.00,23340,0
101.30,0.00,21926,0
101.30,0.00,20598,0
101.30,0.00,19350,0
101.27,0.00,18176,0
101.27,0.00,17076,0
101.27,0.00,16043,0
101.27,0.00,15068,0
101.26,0.00,14155,0
101.26,0.00,13297,0
101.26,0.00,13297,0
101.26,0.00,12493,0
101.24,0.00,12493,0
101.24,0.00,11734,0
101.24,0.00,11023,0
101.24,0.00,11023,0
101.22,0.00,10355,0
101.22,0.00,9413,0
101.22,0.00,9413,0
101.22,0.00,8557,0
101.21,0.00,7779,0
101.21,0.00,7779,0
101.21,0.00,7071,0
101.21,0.00,6428,0
101.21,0.00,14980,0
101.21,0.00,27524,0
101.21,0.00,26568,0
101.21,0.00,26568,0
101.21,0.00,29254,0
101.21,0.00,29254,0
101.21,0.00,30858,0
101.23,0.00,30804,0
101.23,0.00,30804,0
101.23,0.00,29918,0
101.23,0.00,32294,0
101.25,0.00,32294,0
101.25,0.00,32018,0
101.25,0.00,26424,0
101.25,0.00,26424,0
101.28,0.00,28820,0
101.28,0.00,32718,0
101.28,0.00,32718,0
101.28,0.00,23264,0
101.30,0.00,21149,0
101.30,0.00,21149,0
101.30,0.00,19226,0
101.32,0.00,18738,0
101.32,0.00,31118,0
101.32,0.00,29490,0
101.32,0.00,29490,0
101.32,0.00,27706,0
101.32,0.00,26024,0
101.32,0.00,26024,0
101.32,0.00,24448,0
101.30,0.00,24448,0
101.30,0.00,22966,0
101.30,0.00,21576,0
101.30,0.00,21576,0
101.29,0.00,20266,0
101.29,0.00,19040,0
101.29,0.00,19040,0
101.29,0.00,17886,0
101.27,0.00,16802,0
101.27,0.00,16802,0
101.27,0.00,15785,0
101.27,0.00,14826,0
101.26,0.00,14826,0
101.26,0.00,13929,0
101.26,0.00,13085,0
101.26,0.00,13085,0
101.23,0.00,12290,0
101.23,0.00,11547,0
101.23,0.00,10848,0
101.21,0.00,10190,0
101.21,0.00,9263,0
101.21,0.00,9263,0
101.21,0.00,8420,0
101.19,0.00,8420,0
101.19,0.00,7654,0
101.19,0.00,6958,0
101.19,0.00,6958,0
101.18,0.00,6325,0
101.18,0.00,6325,0
101.18,0.00,18072,0
101.18,0.00,25386,0
101.18,0.00,25386,0
101.18,0.00,23826,0
101.18,0.00,26796,0
101.18,0.00,26796,0
101.20,0.00,29482,0
101.20,0.00,25502,0
101.20,0.00,25502,0
101.20,0.00,27278,0
101.22,0.00,26530,0
101.22,0.00,26530,0
101.22,0.00,26846,0
101.25,0.00,29840,0
101.25,0.00,31328,0
101.25,0.00,30600,0
101.25,0.00,30600,0
101.27,0.00,25244,0
101.27,0.00,15937,0
101.27,0.00,15937,0
101.27,0.00,14438,0
101.30,0.00,13125,0
101.30,0.00,13125,0
101.30,0.00,14542,0
101.30,0.00,14542,0
101.32,0.00,29886,0
101.32,0.00,28628,0
101.32,0.00,26890,0
101.32,0.00,26890,0
101.31,0.00,25262,0
101.31,0.00,25262,0
101.31,0.00,23732,0
101.31,0.00,22294,0
101.30,0.00,22294,0
101.30,0.00,20940,0
101.30,0.00,19674,0
101.30,0.00,19674,0
101.28,0.00,18480,0
101.28,0.00,17360,0
101.28,0.00,16309,0
101.26,0.00,15319,0
101.26,0.00,14392,0
101.26,0.00,14392,0
101.26,0.00,13520,0
101.25,0.00,12701,0
101.25,0.00,12701,0
101.25,0.00,11931,0
101.25,0.00,11208,0
101.23,0.00,11208,0
101.23,0.00,10528,0
101.23,0.00,9570,0
101.23,0.00,9570,0
101.22,0.00,8700,0
101.22,0.00,7909,0
101.22,0.00,7909,0
101.22,0.00,7189,0
101.20,0.00,7189,0
101.20,0.00,6535,0
101.20,0.00,5940,0
101.20,0.00,5940,0
101.20,0.00,5400,0
101.20,0.00,4909,0
101.20,0.00,23304,0
101.21,0.00,30000,0
101.21,0.00,28408,0
101.21,0.00,28408,0
101.21,0.00,28016,0
101.22,0.00,30126,0
101.22,0.00,30126,0
101.22,0.00,27204,0
101.22,0.00,27204,0
101.25,0.00,25452,0
101.25,0.00,27174,0
101.25,0.00,27174,0
101.25,0.00,31186,0
101.28,0.00,31530,0
101.28,0.00,31530,0
101.28,0.00,32628,0
101.28,0.00,32700,0
101.31,0.00,32700,0
101.31,0.00,29758,0
101.31,0.00,10758,0
101.31,0.00,10758,0
101.32,0.00,11029,0
101.32,0.00,29978,0
101.32,0.00,29978,0
101.33,0.00,30164,0
101.33,0.00,28336,0
101.33,0.00,26616,0
101.33,0.00,25006,0
101.32,0.00,25006,0
101.32,0.00,23490,0
101.32,0.00,22064,0
101.32,0.00,22064,0
101.31,0.00,20730,0
101.31,0.00,20730,0
101.31,0.00,19470,0
101.31,0.00,18292,0
101.29,0.00,18292,0
101.29,0.00,17182,0
101.29,0.00,16142,0
101.29,0.00,16142,0
101.27,0.00,15163,0
101.27,0.00,14245,0
101.27,0.00,14245,0
101.27,0.00,13382,0
101.26,0.00,12570,0
101.26,0.00,12570,0
101.26,0.00,11809,0
101.26,0.00,11093,0
101.24,0.00,11093,0
101.22,0.00,10422,0
101.21,0.00,9474,0
101.21,0.00,8612,0
101.21,0.00,7829,0
101.21,0.00,7117,0
101.21,0.00,6469,0
101.21,0.00,5880,0
101.21,0.00,19482,0
101.21,0.00,25900,0
101.22,0.00,26534,0
101.22,0.00,23900,0
101.22,0.00,30316,0
101.22,0.00,28954,0
101.24,0.00,28954,0
101.24,0.00,30634,0
101.24,0.00,30364,0
101.24,0.00,30364,0
101.27,0.00,28148,0
101.27,0.00,25710,0
101.27,0.00,25710,0
101.27,0.00,28820,0
101.30,0.00,28528,0
101.30,0.00,28528,0
101.30,0.00,22508,0
101.32,0.00,18848,0
101.32,0.00,17134,0
101.32,0.00,15576,0
101.32,0.00,23626,0
101.33,0.00,23626,0
101.33,0.00,29466,0
101.33,0.00,29466,0
101.33,0.00,27682,0
101.33,0.00,26006,0
101.33,0.00,26006,0
101.33,0.00,24430,0
101.33,0.00,22948,0
101.33,0.00,22948,0
101.33,0.00,21560,0
101.33,0.00,20252,0
101.33,0.00,20252,0
101.31,0.00,19026,0
101.31,0.00,17874,0
101.31,0.00,17874,0
101.31,0.00,16790,0
101.29,0.00,15773,0
101.29,0.00,15773,0
101.29,0.00,14816,0
101.29,0.00,14816,0
101.27,0.00,13919,0
101.27,0.00,13075,0
101.27,0.00,12283,0
101.26,0.00,11538,0
101.26,0.00,10839,0
101.26,0.00,10839,0
101.26,0.00,10182,0
101.24,0.00,9256,0
101.24,0.00,9256,0
101.24,0.00,8414,0
101.24,0.00,8414,0
101.24,0.00,7649,0
101.24,0.00,13136,0
101.24,0.00,13136,0
101.24,0.00,17016,0
101.24,0.00,22186,0
101.24,0.00,22186,0
101.24,0.00,22394,0
101.24,0.00,24468,0
101.25,0.00,24468,0
101.25,0.00,29654,0
101.25,0.00,29204,0
101.25,0.00,29204,0
101.28,0.00,27830,0
101.28,0.00,29748,0
101.28,0.00,29786,0
101.30,0.00,28594,0
101.30,0.00,28594,0
101.30,0.00,27672,0
101.30,0.00,29192,0
101.33,0.00,29192,0
101.33,0.00,32394,0
101.33,0.00,21336,0
101.33,0.00,21336,0
101.35,0.00,19396,0
101.35,0.00,19396,0
101.35,0.00,17632,0
101.35,0.00,29132,0
101.37,0.00,29132,0
101.37,0.00,30326,0
101.37,0.00,28486,0
101.37,0.00,28486,0
101.35,0.00,26760,0
101.35,0.00,25140,0
101.35,0.00,25140,0
101.35,0.00,23616,0
101.33,0.00,22186,0
101.33,0.00,22186,0
101.33,0.00,20840,0
101.33,0.00,19576,0
101.32,0.00,18392,0
101.32,0.00,17276,0
101.32,0.00,16231,0
101.29,0.00,16231,0
101.29,0.00,15247,0
101.29,0.00,14322,0
101.29,0.00,14322,0
101.27,0.00,13456,0
101.27,0.00,13456,0
101.27,0.00,12639,0
101.27,0.00,11872,0
101.25,0.00,11872,0
101.25,0.00,11153,0
101.25,0.00,10476,0
101.25,0.00,10476,0
101.23,0.00,9523,0
101.23,0.00,8657,0
101.23,0.00,8657,0
101.23,0.00,7869,0
101.22,0.00,7153,0
101.22,0.00,7153,0
101.22,0.00,6502,0
101.22,0.00,14172,0
101.22,0.00,14172,0
101.22,0.00,17854,0
101.22,0.00,19398,0
101.22,0.00,25054,0
101.22,0.00,29648,0
101.22,0.00,29648,0
101.22,0.00,31090,0
101.24,0.00,28076,0
101.24,0.00,28076,0
101.24,0.00,32758,0
101.24,0.00,32758,0
101.27,0.00,32128,0
101.27,0.00,32724,0
101.27,0.00,32724,0
101.27,0.00,32632,0
101.31,0.00,25262,0
101.31,0.00,25262,0
101.31,0.00,26618,0
101.31,0.00,26618,0
101.34,0.00,22668,0
101.34,0.00,20607,0
101.34,0.00,18733,0
101.34,0.00,18733,0
101.35,0.00,23846,0
101.35,0.00,23846,0
101.35,0.00,30292,0
101.36,0.00,28718,0
101.36,0.00,26976,0
101.36,0.00,25342,0
101.36,0.00,25342,0
101.36,0.00,23806,0
101.36,0.00,22362,0
101.36,0.00,22362,0
101.36,0.00,21006,0
101.35,0.00,19736,0
101.35,0.00,19736,0
101.35,0.00,18538,0
101.35,0.00,17414,0
101.33,0.00,17414,0
101.33,0.00,16361,0
101.33,0.00,15368,0
101.33,0.00,15368,0
101.31,0.00,14438,0
101.31,0.00,13563,0
101.31,0.00,13563,0
101.31,0.00,12740,0
101.30,0.00,11969,0
101.30,0.00,11969,0
101.30,0.00,11244,0
101.30,0.00,11244,0
101.27,0.00,10562,0
101.27,0.00,9601,0
101.27,0.00,8728,0
101.27,0.00,7934,0
101.27,0.00,7212,0
101.27,0.00,7212,0
101.27,0.00,6556,0
101.26,0.00,5959,0
101.26,0.00,5959,0
101.26,0.00,14703,0
101.26,0.00,14934,0
101.26,0.00,14934,0
101.26,0.00,21490,0
101.26,0.00,27664,0
101.26,0.00,27664,0
101.28,0.00,29430,0
101.28,0.00,27502,0
101.28,0.00,27502,0
101.28,0.00,29474,0
101.31,0.00,31626,0
101.31,0.00,31626,0
101.31,0.00,28174,0
101.31,0.00,28174,0
101.34,0.00,27862,0
101.34,0.00,30994,0
101.36,0.00,32766,0
101.38,0.00,31452,0
101.38,0.00,17506,0
101.38,0.00,15914,0
101.39,0.00,23200,0
101.39,0.00,28958,0
101.39,0.00,27204,0
101.39,0.00,25554,0
101.38,0.00,24006,0
101.38,0.00,22552,0
101.38,0.00,21182,0
101.38,0.00,19904,0
101.36,0.00,19904,0
101.36,0.00,18694,0
101.36,0.00,17564,0
101.36,0.00,17564,0
101.34,0.00,16498,0
101.34,0.00,15497,0
101.34,0.00,15497,0
101.34,0.00,14558,0
101.32,0.00,13676,0
101.32,0.00,13676,0
101.32,0.00,12848,0
101.32,0.00,12070,0
101.31,0.00,11338,0
101.31,0.00,10651,0
101.31,0.00,10004,0
101.28,0.00,10004,0
101.28,0.00,9094,0
101.28,0.00,8267,0
101.28,0.00,8267,0
101.26,0.00,7515,0
101.26,0.00,6831,0
101.26,0.00,6831,0
101.26,0.00,6209,0
101.26,0.00,5644,0
101.26,0.00,5644,0
101.26,0.00,11756,0
101.26,0.00,11756,0
101.26,0.00,28220,0
101.26,0.00,25992,0
101.26,0.00,25992,0
101.26,0.00,27474,0
101.27,0.00,28310,0
101.27,0.00,28310,0
101.27,0.00,26204,0
101.27,0.00,30336,0
101.30,0.00,30336,0
101.30,0.00,29212,0
101.32,0.00,30842,0
101.32,0.00,32644,0
101.32,0.00,29810,0
101.32,0.00,31922,0
101.35,0.00,31922,0
101.35,0.00,31494,0
101.35,0.00,18418,0
101.35,0.00,18418,0
101.37,0.00,16743,0
101.37,0.00,11751,0
101.37,0.00,11751,0
101.37,0.00,23586,0
101.38,0.00,23586,0
101.38,0.00,30568,0
101.38,0.00,28714,0
101.38,0.00,28714,0
101.38,0.00,26978,0
101.38,0.00,25342,0
101.38,0.00,25342,0
101.38,0.00,23804,0
101.37,0.00,22362,0
101.37,0.00,22362,0
101.37,0.00,21006,0
101.37,0.00,19736,0
101.35,0.00,18538,0
101.35,0.00,17412,0
101.35,0.00,16359,0
101.33,0.00,16359,0
101.33,0.00,15369,0
101.33,0.00,14436,0
101.33,0.00,14436,0
101.31,0.00,13561,0
101.31,0.00,13561,0
101.31,0.00,12740,0
101.31,0.00,11966,0
101.29,0.00,11966,0
101.29,0.00,11243,0
101.29,0.00,10561,0
101.29,0.00,10561,0
101.27,0.00,9600,0
101.27,0.00,8727,0
101.27,0.00,8727,0
101.27,0.00,7933,0
101.26,0.00,7933,0
101.26,0.00,7211,0
101.26,0.00,6555,0
101.26,0.00,6555,0
101.25,0.00,5959,0
101.25,0.00,5417,0
101.25,0.00,13857,0
101.25,0.00,20446,0
101.25,0.00,24536,0
101.25,0.00,24536,0
101.25,0.00,25634,0
101.26,0.00,29890,0
101.26,0.00,29890,0
101.26,0.00,30258,0
101.26,0.00,32108,0
101.29,0.00,32108,0
101.29,0.00,32244,0
101.29,0.00,32430,0
101.29,0.00,32430,0
101.32,0.00,32766,0
101.32,0.00,32766,0
101.32,0.00,32628,0
101.32,0.00,32766,0
101.34,0.00,32766,0
101.34,0.00,24086,0
101.34,0.00,21896,0
101.34,0.00,21896,0
101.36,0.00,16113,0
101.36,0.00,30756,0
101.36,0.00,30756,0
101.36,0.00,29184,0
101.36,0.00,27418,0
101.36,0.00,25758,0
101.36,0.00,24196,0
101.35,0.00,22730,0
101.35,0.00,22730,0
101.35,0.00,21352,0
101.35,0.00,20058,0
101.33,0.00,20058,0
101.33,0.00,18842,0
101.33,0.00,17704,0
101.33,0.00,17704,0
101.31,0.00,16628,0
101.31,0.00,16628,0
101.31,0.00,15621,0
101.31,0.00,14674,0
101.30,0.00,14674,0
101.30,0.00,13783,0
101.30,0.00,12949,0
101.30,0.00,12949,0
101.28,0.00,12165,0
101.28,0.00,11427,0
101.28,0.00,11427,0
101.28,0.00,10734,0
101.25,0.00,10084,0
101.25,0.00,9167,0
101.24,0.00,8333,0
101.24,0.00,7575,0
101.24,0.00,7575,0
101.24,0.00,6886,0
101.23,0.00,6886,0
101.23,0.00,6259,0
101.23,0.00,5689,0
101.23,0.00,5689,0
101.21,0.00,5171,0
101.21,0.00,15351,0
101.21,0.00,15351,0
101.21,0.00,24318,0
101.22,0.00,30428,0
101.22,0.00,30428,0
101.22,0.00,31926,0
101.22,0.00,30656,0
101.23,0.00,30656,0
101.23,0.00,31322,0
101.23,0.00,31818,0
101.23,0.00,31818,0
101.26,0.00,30916,0
101.26,0.00,32162,0
101.26,0.00,32162,0
101.26,0.00,31836,0
101.28,0.00,32528,0
101.28,0.00,31178,0
101.28,0.00,18808,0
101.31,0.00,17098,0
101.31,0.00,17098,0
101.31,0.00,12448,0
101.31,0.00,18174,0
101.33,0.00,18174,0
101.33,0.00,27982,0
101.33,0.00,29516,0
101.33,0.00,29516,0
101.32,0.00,27724,0
101.32,0.00,26044,0
101.32,0.00,26044,0
101.32,0.00,24470,0
101.31,0.00,22982,0
101.31,0.00,22982,0
101.31,0.00,21592,0
101.31,0.00,21592,0
101.29,0.00,20282,0
101.29,0.00,19054,0
101.29,0.00,17898,0
101.29,0.00,17898,0
101.28,0.00,16814,0
101.26,0.00,15795,0
101.25,0.00,14837,0
101.25,0.00,13938,0
101.25,0.00,13095,0
101.25,0.00,12300,0
101.23,0.00,11556,0
101.23,0.00,10854,0
101.23,0.00,10196,0
101.23,0.00,9269,0
101.23,0.00,8426,0
101.23,0.00,7659,0
101.23,0.00,7659,0
101.23,0.00,6962,0
101.22,0.00,11357,0
101.22,0.00,11357,0
101.22,0.00,22236,0
101.22,0.00,22294,0
101.23,0.00,22294,0
101.23,0.00,26680,0
101.23,0.00,27770,0
101.23,0.00,27770,0
101.25,0.00,30262,0
101.25,0.00,30284,0
101.25,0.00,30284,0
101.25,0.00,30306,0
101.27,0.00,32058,0
101.27,0.00,32026,0
101.27,0.00,30318,0
101.30,0.00,27188,0
101.30,0.00,27188,0
101.30,0.00,31414,0
101.30,0.00,31414,0
101.32,0.00,23158,0
101.32,0.00,21052,0
101.32,0.00,21052,0
101.32,0.00,13982,0
101.34,0.00,27136,0
101.34,0.00,27136,0
101.34,0.00,30514,0
101.34,0.00,28666,0
101.34,0.00,28666,0
101.34,0.00,26928,0
101.34,0.00,25300,0
101.34,0.00,25300,0
101.33,0.00,23764,0
101.33,0.00,22324,0
101.33,0.00,22324,0
101.33,0.00,20970,0
101.32,0.00,19702,0
101.32,0.00,18506,0
101.32,0.00,17384,0
101.31,0.00,16331,0
101.31,0.00,16331,0
101.31,0.00,15343,0
101.31,0.00,15343,0
101.29,0.00,14411,0
101.29,0.00,13539,0
101.29,0.00,13539,0
101.29,0.00,12718,0
101.27,0.00,11947,0
101.27,0.00,11947,0
101.27,0.00,11222,0
101.27,0.00,11222,0
101.25,0.00,10545,0
101.25,0.00,9586,0
101.25,0.00,9586,0
101.25,0.00,8714,0
101.25,0.00,7921,0
101.25,0.00,7921,0
101.25,0.00,7200,0
101.25,0.00,6545,0
101.23,0.00,6545,0
101.23,0.00,13257,0
101.23,0.00,16702,0
101.23,0.00,20882,0
101.23,0.00,26954,0
101.23,0.00,27706,0
101.23,0.00,27706,0
101.25,0.00,30358,0
101.25,0.00,31360,0
101.25,0.00,31360,0
101.25,0.00,32764,0
101.28,0.00,32764,0
101.28,0.00,31194,0
101.28,0.00,32270,0
101.28,0.00,32270,0
101.31,0.00,31234,0
101.31,0.00,29344,0
101.31,0.00,29344,0
101.31,0.00,22480,0
101.33,0.00,20436,0
101.33,0.00,20436,0
101.33,0.00,13903,0
101.33,0.00,29260,0
101.36,0.00,29260,0
101.36,0.00,28020,0
101.36,0.00,26326,0
101.36,0.00,26326,0
101.36,0.00,24728,0
101.36,0.00,23234,0
101.36,0.00,21822,0
101.36,0.00,20502,0
101.36,0.00,19258,0
101.36,0.00,19258,0
101.36,0.00,18092,0
101.37,0.00,16994,0
101.37,0.00,16994,0
101.37,0.00,15964,0
101.37,0.00,15964,0
101.36,0.00,14997,0
101.36,0.00,14088,0
101.36,0.00,14088,0
101.36,0.00,13234,0
101.35,0.00,12433,0
101.35,0.00,12433,0
101.35,0.00,11679,0
101.35,0.00,10971,0
101.35,0.00,10971,0
101.35,0.00,10306,0
101.35,0.00,9369,0
101.35,0.00,9369,0
101.34,0.00,8517,0
101.34,0.00,7742,0
101.34,0.00,7038,0
101.32,0.00,6398,0
101.32,0.00,6398,0
101.32,0.00,5816,0
101.32,0.00,5287,0
101.32,0.00,5287,0
101.32,0.00,4806,0
101.32,0.00,15041,0
101.32,0.00,15041,0
101.32,0.00,18694,0
101.32,0.00,18694,0
101.32,0.00,13671,0
101.32,0.00,23516,0
101.35,0.00,23516,0
101.35,0.00,23402,0
101.35,0.00,31988,0
101.35,0.00,31988,0
101.38,0.00,32580,0
101.38,0.00,31596,0
101.38,0.00,31596,0
101.38,0.00,31926,0
101.41,0.00,32766,0
101.41,0.00,32766,0
101.41,0.00,32766,0
101.41,0.00,17530,0
101.43,0.00,23052,0
101.43,0.00,25374,0
101.43,0.00,23834,0
101.44,0.00,23834,0
101.44,0.00,22388,0
101.44,0.00,21034,0
101.44,0.00,21034,0
101.44,0.00,19760,0
101.44,0.00,19760,0
101.44,0.00,18562,0
101.44,0.00,17436,0
101.42,0.00,17436,0
101.42,0.00,16381,0
101.42,0.00,15387,0
101.42,0.00,15387,0
101.40,0.00,14457,0
101.40,0.00,13578,0
101.40,0.00,13578,0
101.40,0.00,12756,0
101.38,0.00,11982,0
101.38,0.00,11982,0
101.38,0.00,11257,0
101.38,0.00,10575,0
101.35,0.00,10575,0
101.35,0.00,9613,0
101.35,0.00,8739,0
101.32,0.00,7944,0
101.32,0.00,7221,0
101.32,0.00,7221,0
101.32,0.00,6564,0
101.30,0.00,6564,0
101.30,0.00,5967,0
101.30,0.00,5424,0
101.30,0.00,5424,0
101.28,0.00,4930,0
101.28,0.00,4481,0
101.28,0.00,4481,0
101.28,0.00,4073,0
101.27,0.00,3702,0
101.27,0.00,3702,0
101.27,0.00,14106,0
101.27,0.00,14106,0
101.26,0.00,12823,0
101.26,0.00,21050,0
101.26,0.00,31492,0
101.26,0.00,31492,0
101.28,0.00,31618,0
101.28,0.00,31618,0
101.28,0.00,30852,0
101.30,0.00,32766,0
101.33,0.00,30366,0
101.33,0.00,30970,0
101.34,0.00,28562,0
101.34,0.00,28442,0
101.34,0.00,13905,0
101.34,0.00,25504,0
101.35,0.00,23956,0
101.35,0.00,22508,0
101.35,0.00,21142,0
101.35,0.00,19862,0
101.37,0.00,18656,0
101.37,0.00,17526,0
101.37,0.00,17526,0
101.37,0.00,16464,0
101.37,0.00,15468,0
101.37,0.00,15468,0
101.37,0.00,14531,0
101.37,0.00,13648,0
101.37,0.00,13648,0
101.37,0.00,12821,0
101.37,0.00,12045,0
101.37,0.00,12045,0
101.36,0.00,11314,0
101.36,0.00,10630,0
101.36,0.00,9663,0
101.36,0.00,8784,0
101.36,0.00,7985,0
101.36,0.00,7985,0
101.36,0.00,7259,0
101.36,0.00,6599,0
101.36,0.00,6599,0
101.36,0.00,5999,0
101.36,0.00,5999,0
101.36,0.00,5453,0
101.36,0.00,4957,0
101.36,0.00,4957,0
101.36,0.00,4506,0
101.36,0.00,4096,0
101.36,0.00,4096,0
101.36,0.00,3723,0
101.36,0.00,3384,0
101.36,0.00,3384,0
101.36,0.00,3076,0
101.36,0.00,2796,0
101.36,0.00,2796,0
101.36,0.00,2541,0
101.36,0.00,2310,0
101.36,0.00,2310,0
101.36,0.00,2100,0
101.36,0.00,1909,0
101.36,0.00,1735,0
101.35,0.00,1577,0
101.35,0.00,1433,0
101.35,0.00,1433,0
101.35,0.00,1302,0
101.35,0.00,1183,0
101.35,0.00,1183,0
101.35,0.00,1075,0
101.35,0.00,977,0
101.35,0.00,977,0
101.35,0.00,888,0
101.35,0.00,807,0
101.35,0.00,807,0
101.35,0.00,733,0
101.35,0.00,666,0
101.35,0.00,666,0
101.35,0.00,605,0
101.35,0.00,605,0
101.35,0.00,550,0
101.35,0.00,499,0
101.35,0.00,499,0
101.34,0.00,453,0
101.34,0.00,411,0
101.34,0.00,411,0
101.34,0.00,373,0
101.34,0.00,339,0
101.34,0.00,308,0
101.34,0.00,280,0
101.34,0.00,254,0
101.34,0.00,254,0
101.34,0.00,230,0
101.34,0.00,230,0
101.34,0.00,209,0
101.34,0.00,189,0
101.34,0.00,189,0
101.34,0.00,171,0
101.33,0.00,155,0
101.33,0.00,155,0
101.33,0.00,140,0
101.33,0.00,140,0
101.32,0.00,127,0
101.32,0.00,115,0
101.32,0.00,115,0
101.32,0.00,104,0
101.31,0.00,94,0
101.31,0.00,94,0
101.31,0.00,85,0
101.31,0.00,77,0
101.30,0.00,77,0
101.30,0.00,70,0
101.30,0.00,63,0
101.30,0.00,63,0
101.28,0.00,57,0
101.28,0.00,51,0
101.28,0.00,46,0
101.27,0.00,41,0
101.27,0.00,41,0
101.27,0.00,37,0
101.27,0.00,33,0
101.25,0.00,33,0
101.25,0.00,29,0
101.25,0.00,26,0
101.25,0.00,26,0
101.23,0.00,23,0
101.23,0.00,23,0
101.23,0.00,20,0
101.23,0.00,18,0
101.20,0.00,18,0
101.20,0.00,11872,0
101.20,0.00,27190,0
101.20,0.00,27190,0
101.17,0.00,22234,0
101.17,0.00,20212,0
101.17,0.00,20212,0
101.17,0.00,18374,0
101.14,0.00,16703,0
101.14,0.00,16703,0
101.14,0.00,15184,0
101.14,0.00,13803,0
101.09,0.00,13803,0
101.09,0.00,12548,0
101.09,0.00,11407,0
101.04,0.00,10370,0
101.04,0.00,9427,0
101.04,0.00,9427,0
101.04,0.00,8570,0
100.99,0.00,7790,0
100.99,0.00,7790,0
100.99,0.00,7081,0
100.99,0.00,7081,0
100.94,0.00,6437,0
100.94,0.00,5851,0
100.94,0.00,5319,0
100.94,0.00,5319,0
100.89,0.00,4835,0
100.89,0.00,4835,0
100.89,0.00,4395,0
100.89,0.00,3995,0
100.87,0.00,3995,0
100.87,0.00,3631,0
100.87,0.00,27848,0
100.87,0.00,27848,0
100.86,0.00,32766,0
100.86,0.00,32766,0
100.86,0.00,32766,0
100.86,0.00,32766,0
100.86,0.00,28902,0
100.86,0.00,19094,0
100.86,0.00,19684,0
100.86,0.00,19684,0
100.86,0.00,26034,0
100.86,0.00,26838,0
100.86,0.00,26838,0
100.91,0.00,28222,0
100.91,0.00,27998,0
100.91,0.00,27998,0
100.91,0.00,28698,0
100.98,0.00,27050,0
100.98,0.00,27050,0
100.98,0.00,27486,0
100.98,0.00,27486,0
101.05,0.00,25130,0
101.05,0.00,29848,0
101.05,0.00,27306,0
101.05,0.00,27306,0
101.10,0.00,27618,0
101.10,0.00,27618,0
101.10,0.00,28480,0
101.10,0.00,28612,0
101.16,0.00,26742,0
101.16,0.00,29332,0
101.16,0.00,29034,0
101.21,0.00,29034,0
101.21,0.00,31924,0
101.21,0.00,28800,0
101.21,0.00,28800,0
101.25,0.00,28688,0
101.25,0.00,27364,0
101.25,0.00,27364,0
101.25,0.00,25706,0
101.29,0.00,24148,0
101.29,0.00,24148,0
101.29,0.00,22686,0
101.29,0.00,22686,0
101.30,0.00,21308,0
101.30,0.00,20018,0
101.30,0.00,20018,0
101.30,0.00,23304,0
101.33,0.00,26924,0
101.33,0.00,26924,0
101.33,0.00,30410,0
101.33,0.00,24692,0
101.36,0.00,24692,0
101.36,0.00,30156,0
101.41,0.00,27794,0
101.45,0.00,26468,0
101.45,0.00,23250,0
101.45,0.00,23664,0
101.49,0.00,21432,0
101.49,0.00,21358,0
101.49,0.00,21712,0
101.49,0.00,22358,0
101.52,0.00,23930,0
101.52,0.00,28468,0
101.52,0.00,26306,0
101.52,0.00,23026,0
101.54,0.00,23026,0
101.54,0.00,21748,0
101.54,0.00,20428,0
101.54,0.00,20428,0
101.55,0.00,19190,0
101.55,0.00,18028,0
101.55,0.00,18028,0
101.55,0.00,16934,0
101.55,0.00,15910,0
101.55,0.00,15910,0
101.55,0.00,14945,0
101.55,0.00,14041,0
101.55,0.00,15139,0
101.55,0.00,21002,0
101.55,0.00,29560,0
101.55,0.00,29560,0
101.55,0.00,24230,0
101.55,0.00,27394,0
101.55,0.00,27394,0
101.55,0.00,28424,0
101.55,0.00,18156,0
101.55,0.00,18156,0
101.55,0.00,14400,0
101.57,0.00,10733,0
101.57,0.00,10733,0
101.57,0.00,14060,0
101.57,0.00,14060,0
101.58,0.00,18174,0
101.58,0.00,14410,0
101.58,0.00,14410,0
101.58,0.00,13099,0
101.60,0.00,11908,0
101.60,0.00,11908,0
101.60,0.00,28506,0
101.60,0.00,22528,0
101.60,0.00,22528,0
101.60,0.00,12926,0
101.60,0.00,21828,0
101.59,0.00,20506,0
101.59,0.00,19260,0
101.59,0.00,19260,0
101.59,0.00,18094,0
101.58,0.00,17000,0
101.58,0.00,17000,0
101.58,0.00,15970,0
101.58,0.00,15000,0
101.55,0.00,15000,0
101.55,0.00,14090,0
101.55,0.00,14090,0
101.55,0.00,13236,0
101.52,0.00,12436,0
101.52,0.00,12436,0
101.52,0.00,11681,0
101.52,0.00,10974,0
101.49,0.00,10974,0
101.49,0.00,10308,0
101.49,0.00,9370,0
101.49,0.00,9370,0
101.46,0.00,8518,0
101.46,0.00,7743,0
101.46,0.00,7743,0
101.41,0.00,7039,0
101.41,0.00,6399,0
101.41,0.00,5817,0
101.41,0.00,5288,0
101.37,0.00,5288,0
101.37,0.00,4807,0
101.37,0.00,4370,0
101.37,0.00,4370,0
101.33,0.00,3972,0
101.33,0.00,3972,0
101.33,0.00,3610,0
101.33,0.00,3281,0
101.28,0.00,3281,0
101.28,0.00,2982,0
101.28,0.00,2710,0
101.28,0.00,2710,0
101.23,0.00,2463,0
101.23,0.00,2239,0
101.23,0.00,2239,0
101.23,0.00,2035,0
101.18,0.00,1849,0
101.18,0.00,1849,0
101.18,0.00,1680,0
101.18,0.00,1527,0
101.14,0.00,1527,0
101.14,0.00,1388,0
101.14,0.00,1261,0
101.09,0.00,1146,0
101.09,0.00,1041,0
101.09,0.00,1041,0
101.09,0.00,946,0
101.04,0.00,859,0
101.04,0.00,859,0
101.04,0.00,780,0
101.04,0.00,709,0
100.99,0.00,709,0
100.99,0.00,644,0
100.99,0.00,585,0
100.99,0.00,585,0
100.94,0.00,531,0
100.94,0.00,531,0
100.94,0.00,482,0
100.94,0.00,438,0
100.89,0.00,438,0
100.89,0.00,398,0
100.89,0.00,361,0
100.89,0.00,361,0
100.84,0.00,328,0
100.84,0.00,298,0
100.84,0.00,298,0
100.84,0.00,270,0
100.79,0.00,245,0
100.79,0.00,222,0
100.79,0.00,201,0
100.74,0.00,182,0
100.74,0.00,182,0
100.74,0.00,165,0
100.74,0.00,165,0
100.72,0.00,22896,0
100.72,0.00,32766,0
100.72,0.00,32766,0
100.72,0.00,32766,0
100.71,0.00,32766,0
100.71,0.00,32766,0
100.71,0.00,32766,0
100.71,0.00,32766,0
100.72,0.00,32766,0
100.72,0.00,26340,0
100.72,0.00,23282,0
100.72,0.00,23282,0
100.74,0.00,25468,0
100.74,0.00,25468,0
100.74,0.00,22758,0
100.74,0.00,25882,0
100.75,0.00,25882,0
100.75,0.00,23504,0
100.75,0.00,24506,0
100.79,0.00,27440,0
100.79,0.00,25220,0
100.79,0.00,28882,0
100.79,0.00,28882,0
100.83,0.00,27076,0
100.83,0.00,27076,0
100.83,0.00,26292,0
100.83,0.00,26966,0
100.89,0.00,26966,0
100.89,0.00,27406,0
100.89,0.00,26184,0
100.89,0.00,26184,0
100.94,0.00,26974,0
100.94,0.00,26564,0
100.94,0.00,26564,0
100.94,0.00,25758,0
100.99,0.00,25332,0
100.99,0.00,25332,0
100.99,0.00,23498,0
100.99,0.00,23498,0
101.04,0.00,21158,0
101.04,0.00,23096,0
101.04,0.00,21438,0
101.04,0.00,21438,0
101.09,0.00,21894,0
101.09,0.00,20436,0
101.09,0.00,19898,0
101.13,0.00,19794,0
101.13,0.00,19794,0
101.13,0.00,17606,0
101.13,0.00,17606,0
101.16,0.00,19966,0
101.16,0.00,17792,0
101.16,0.00,17792,0
101.16,0.00,15458,0
101.20,0.00,15170,0
101.20,0.00,15170,0
101.20,0.00,14341,0
101.20,0.00,13306,0
101.23,0.00,13306,0
101.23,0.00,13290,0
101.23,0.00,11924,0
101.23,0.00,11924,0
101.26,0.00,11789,0
101.26,0.00,17668,0
101.26,0.00,17668,0
101.26,0.00,23128,0
101.29,0.00,16758,0
101.29,0.00,16758,0
101.31,0.00,12594,0
101.32,0.00,11831,0
101.32,0.00,11114,0
101.32,0.00,10440,0
101.33,0.00,9490,0
101.33,0.00,8627,0
101.33,0.00,7842,0
101.33,0.00,7129,0
101.33,0.00,6480,0
101.33,0.00,5890,0
101.33,0.00,12832,0
101.33,0.00,27810,0
101.33,0.00,27810,0
101.33,0.00,30078,0
101.33,0.00,19320,0
101.33,0.00,19320,0
101.34,0.00,21134,0
101.34,0.00,19102,0
101.34,0.00,19102,0
101.34,0.00,20352,0
101.35,0.00,16856,0
101.35,0.00,16856,0
101.35,0.00,13935,0
101.35,0.00,10136,0
101.36,0.00,10136,0
101.36,0.00,11152,0
101.36,0.00,10832,0
101.38,0.00,11739,0
101.38,0.00,10639,0
101.38,0.00,9671,0
101.38,0.00,9671,0
101.39,0.00,24446,0
101.39,0.00,16604,0
101.39,0.00,16604,0
101.39,0.00,13105,0
101.40,0.00,12312,0
101.40,0.00,12312,0
101.40,0.00,11567,0
101.40,0.00,10865,0
101.40,0.00,10865,0
101.40,0.00,10206,0
101.40,0.00,9278,0
101.40,0.00,9278,0
101.40,0.00,8434,0
101.40,0.00,7667,0
101.40,0.00,7667,0
101.40,0.00,29528,0
101.40,0.00,29528,0
101.40,0.00,23784,0
101.40,0.00,21621,0
101.40,0.00,19655,0
101.40,0.00,17868,0
101.40,0.00,16243,0
101.40,0.00,16243,0
101.41,0.00,11868,0
101.41,0.00,11868,0
101.41,0.00,10708,0
101.41,0.00,10622,0
101.42,0.00,10622,0
101.42,0.00,10019,0
101.42,0.00,9108,0
101.42,0.00,9108,0
101.42,0.00,8280,0
101.42,0.00,8280,0
101.42,0.00,7527,0
101.42,0.00,6842,0
101.42,0.00,6842,0
101.42,0.00,6219,0
101.42,0.00,5653,0
101.42,0.00,5653,0
101.42,0.00,5139,0
101.42,0.00,4671,0
101.42,0.00,4671,0
101.42,0.00,4246,0
101.42,0.00,3859,0
101.42,0.00,3508,0
101.42,0.00,3189,0
101.42,0.00,30770,0
101.42,0.00,30770,0
101.42,0.00,14612,0
101.42,0.00,13283,0
101.42,0.00,13283,0
101.42,0.00,12075,0
101.42,0.00,10977,0
101.42,0.00,10977,0
101.42,0.00,9979,0
101.42,0.00,9979,0
101.42,0.00,9071,0
101.42,0.00,8246,0
101.43,0.00,8246,0
101.43,0.00,7496,0
101.43,0.00,6814,0
101.43,0.00,6814,0
101.43,0.00,6194,0
101.43,0.00,5630,0
101.43,0.00,5630,0
101.43,0.00,5118,0
101.43,0.00,4652,0
101.43,0.00,4652,0
101.43,0.00,4229,0
101.43,0.00,3844,0
101.43,0.00,3494,0
101.43,0.00,3176,0
101.43,0.00,3176,0
101.43,0.00,2887,0
101.43,0.00,2624,0
101.43,0.00,2624,0
101.43,0.00,2385,0
101.42,0.00,2385,0
101.42,0.00,2168,0
101.42,0.00,1970,0
101.42,0.00,1970,0
101.41,0.00,1790,0
101.41,0.00,1627,0
101.41,0.00,1627,0
101.41,0.00,1479,0
101.39,0.00,1344,0
101.39,0.00,1344,0
101.39,0.00,1221,0
101.39,0.00,1221,0
101.36,0.00,1110,0
101.36,0.00,1009,0
101.36,0.00,917,0
101.36,0.00,917,0
101.34,0.00,833,0
101.34,0.00,757,0
101.34,0.00,688,0
101.31,0.00,625,0
101.31,0.00,625,0
101.31,0.00,568,0
101.31,0.00,568,0
101.28,0.00,516,0
101.28,0.00,469,0
101.28,0.00,469,0
101.28,0.00,426,0
101.24,0.00,387,0
101.24,0.00,387,0
101.24,0.00,351,0
101.24,0.00,319,0
101.20,0.00,319,0
101.20,0.00,290,0
101.20,0.00,263,0
101.20,0.00,263,0
101.16,0.00,239,0
101.16,0.00,217,0
101.16,0.00,217,0
101.16,0.00,197,0
101.12,0.00,179,0
101.12,0.00,179,0
101.12,0.00,162,0
101.12,0.00,162,0
101.07,0.00,147,0
101.07,0.00,133,0
101.07,0.00,120,0
101.02,0.00,109,0
101.02,0.00,99,0
101.02,0.00,99,0
101.02,0.00,89,0
100.97,0.00,80,0
100.97,0.00,80,0
100.97,0.00,72,0
100.97,0.00,72,0
100.92,0.00,65,0
100.92,0.00,59,0
100.92,0.00,59,0
100.92,0.00,53,0
100.87,0.00,48,0
100.87,0.00,48,0
100.87,0.00,43,0
100.87,0.00,39,0
100.81,0.00,39,0
100.81,0.00,11721,0
100.81,0.00,10169,0
100.81,0.00,10169,0
100.76,0.00,14717,0
100.76,0.00,14712,0
100.76,0.00,14712,0
100.76,0.00,10405,0
100.69,0.00,9459,0
100.69,0.00,8599,0
100.69,0.00,7817,0
100.62,0.00,7817,0
100.62,0.00,7106,0
100.62,0.00,6459,0
100.62,0.00,6459,0
100.56,0.00,5871,0
100.56,0.00,5337,0
100.56,0.00,5337,0
100.56,0.00,4851,0
100.50,0.00,4851,0
100.50,0.00,4410,0
100.50,0.00,4009,0
100.50,0.00,4009,0
100.45,0.00,3644,0
100.45,0.00,3312,0
100.45,0.00,3312,0
100.45,0.00,3010,0
100.40,0.00,2736,0
100.40,0.00,2736,0
100.40,0.00,29284,0
100.40,0.00,32766,0
100.40,0.00,32766,0
100.40,0.00,32766,0
100.40,0.00,32766,0
100.40,0.00,32766,0
100.41,0.00,32766,0
100.44,0.00,32766,0
100.44,0.00,32766,0
100.46,0.00,32766,0
100.46,0.00,28664,0
100.46,0.00,26634,0
100.46,0.00,29526,0
100.54,0.00,29970,0
100.54,0.00,31330,0
100.54,0.00,31038,0
100.54,0.00,31736,0
100.62,0.00,31790,0
100.62,0.00,31984,0
100.62,0.00,31984,0
100.62,0.00,31782,0
100.72,0.00,32050,0
100.72,0.00,32050,0
100.72,0.00,32154,0
100.72,0.00,32356,0
100.81,0.00,32356,0
100.81,0.00,32148,0
100.81,0.00,31832,0
100.81,0.00,31832,0
100.89,0.00,32048,0
100.89,0.00,32252,0
100.96,0.00,31900,0
100.96,0.00,30942,0
100.96,0.00,29720,0
100.96,0.00,29720,0
101.03,0.00,30672,0
101.03,0.00,29588,0
101.03,0.00,29588,0
101.03,0.00,29912,0
101.08,0.00,26714,0
101.08,0.00,26714,0
101.08,0.00,26362,0
101.08,0.00,24544,0
101.12,0.00,24544,0
101.12,0.00,32766,0
101.12,0.00,32766,0
101.12,0.00,32766,0
101.15,0.00,32756,0
101.15,0.00,31596,0
101.15,0.00,31596,0
101.15,0.00,29674,0
101.17,0.00,29674,0
101.17,0.00,27878,0
101.17,0.00,26190,0
101.18,0.00,24842,0
101.18,0.00,24322,0
101.18,0.00,28176,0
101.18,0.00,28176,0
101.20,0.00,29276,0
101.20,0.00,23902,0
101.20,0.00,23902,0
101.20,0.00,23068,0
101.22,0.00,23068,0
101.22,0.00,22924,0
101.22,0.00,21886,0
101.22,0.00,21886,0
101.23,0.00,22258,0
101.23,0.00,19712,0
101.23,0.00,19712,0
101.23,0.00,18562,0
101.24,0.00,17322,0
101.24,0.00,17322,0
101.24,0.00,16282,0
101.24,0.00,18208,0
101.25,0.00,18208,0
101.25,0.00,19356,0
101.25,0.00,28902,0
101.25,0.00,28902,0
101.26,0.00,25256,0
101.26,0.00,18452,0
101.26,0.00,17338,0
101.26,0.00,16288,0
101.26,0.00,16288,0
101.26,0.00,15301,0
101.26,0.00,14376,0
101.26,0.00,14376,0
101.26,0.00,13502,0
101.26,0.00,12684,0
101.26,0.00,12684,0
101.27,0.00,11915,0
101.27,0.00,25482,0
101.27,0.00,25482,0
101.27,0.00,31174,0
101.27,0.00,31174,0
101.27,0.00,27510,0
101.27,0.00,21036,0
101.27,0.00,21036,0
101.28,0.00,18578,0
101.28,0.00,17516,0
101.28,0.00,17516,0
101.28,0.00,16290,0
101.29,0.00,15120,0
101.29,0.00,15120,0
101.29,0.00,13648,0
101.30,0.00,14466,0
101.30,0.00,14566,0
101.30,0.00,15873,0
101.30,0.00,18636,0
101.31,0.00,18636,0
101.31,0.00,25394,0
101.31,0.00,25394,0
101.31,0.00,22792,0
101.32,0.00,19704,0
101.32,0.00,19704,0
101.32,0.00,16125,0
101.32,0.00,15359,0
101.34,0.00,15359,0
101.34,0.00,15153,0
101.34,0.00,13511,0
101.34,0.00,13511,0
101.34,0.00,13329,0
101.34,0.00,12316,0
101.34,0.00,12316,0
101.34,0.00,11863,0
101.35,0.00,11863,0
101.35,0.00,11228,0
101.35,0.00,10436,0
101.35,0.00,9487,0
101.35,0.00,8624,0
101.35,0.00,7839,0
101.35,0.00,7839,0
101.35,0.00,7126,0
101.35,0.00,6478,0
101.35,0.00,6478,0
101.35,0.00,5889,0
101.35,0.00,5889,0
101.35,0.00,5353,0
101.35,0.00,4866,0
101.35,0.00,4866,0
101.35,0.00,4423,0
101.35,0.00,4020,0
101.35,0.00,4020,0
101.35,0.00,3654,0
101.34,0.00,3321,0
101.34,0.00,3321,0
101.34,0.00,3019,0
101.34,0.00,2744,0
101.33,0.00,2744,0
101.33,0.00,2494,0
101.33,0.00,2267,0
101.33,0.00,2267,0
101.30,0.00,2060,0
101.30,0.00,1872,0
101.30,0.00,1701,0
101.28,0.00,1546,0
101.28,0.00,1546,0
101.28,0.00,1405,0
101.28,0.00,1405,0
101.26,0.00,1277,0
101.26,0.00,1160,0
101.26,0.00,1160,0
101.26,0.00,1054,0
101.24,0.00,958,0
101.24,0.00,958,0
101.24,0.00,870,0
101.24,0.00,790,0
101.21,0.00,790,0
101.21,0.00,718,0
101.21,0.00,652,0
101.21,0.00,652,0
101.19,0.00,592,0
101.19,0.00,538,0
101.19,0.00,538,0
101.19,0.00,489,0
101.17,0.00,444,0
101.17,0.00,444,0
101.17,0.00,403,0
101.17,0.00,366,0
101.14,0.00,366,0
101.14,0.00,332,0
101.14,0.00,301,0
101.12,0.00,273,0
101.12,0.00,248,0
101.12,0.00,248,0
101.12,0.00,225,0
101.10,0.00,204,0
101.10,0.00,204,0
101.10,0.00,185,0
101.10,0.00,185,0
101.09,0.00,168,0
101.09,0.00,152,0
101.09,0.00,152,0
101.09,0.00,138,0
101.07,0.00,125,0
101.07,0.00,125,0
101.07,0.00,113,0
101.07,0.00,102,0
101.06,0.00,102,0
101.06,0.00,92,0
101.06,0.00,83,0
101.06,0.00,83,0
101.03,0.00,75,0
101.03,0.00,68,0
101.03,0.00,68,0
101.03,0.00,61,0
101.02,0.00,55,0
101.02,0.00,55,0
101.00,0.00,49,0
100.98,0.00,44,0
100.98,0.00,40,0
100.98,0.00,36,0
100.97,0.00,32,0
100.97,0.00,29,0
100.97,0.00,26,0
100.97,0.00,23,0
100.96,0.00,20,0
100.96,0.00,18,0
100.96,0.00,16,0
100.96,0.00,14,0
100.95,0.00,12,0
100.95,0.00,12,0
100.95,0.00,10,0
100.95,0.00,9,0
100.94,0.00,9,0
100.94,0.00,8,0
100.94,0.00,7,0
100.94,0.00,7,0
100.93,0.00,6,0
100.93,0.00,5,0
100.93,0.00,5,0
100.93,0.00,4,0
100.93,0.00,4,0
100.93,0.00,3,0
100.93,0.00,2,0
100.93,0.00,2,0
100.93,0.00,1,0
100.93,0.00,23248,0
100.93,0.00,20218,0
100.93,0.00,12165,0
100.93,0.00,11059,0
100.93,0.00,11059,0
100.93,0.00,10053,0
100.95,0.00,11178,0
100.95,0.00,11178,0
100.95,0.00,13994,0
100.95,0.00,15276,0
100.96,0.00,15276,0
100.96,0.00,14742,0
100.96,0.00,13646,0
100.96,0.00,13646,0
100.98,0.00,11888,0
100.98,0.00,11193,0
100.98,0.00,11193,0
100.98,0.00,11619,0
100.98,0.00,13020,0
100.98,0.00,13020,0
100.98,0.00,18360,0
100.98,0.00,18360,0
100.99,0.00,20386,0
100.99,0.00,22516,0
100.99,0.00,22516,0
101.02,0.00,24402,0
101.02,0.00,28272,0
101.02,0.00,27116,0
101.07,0.00,24022,0
101.07,0.00,20086,0
101.07,0.00,20086,0
101.07,0.00,17802,0
101.11,0.00,15530,0
101.11,0.00,15530,0
101.11,0.00,16178,0
101.11,0.00,17252,0
101.16,0.00,17252,0
101.16,0.00,21818,0
101.16,0.00,21654,0
101.16,0.00,21654,0
101.20,0.00,21530,0
101.20,0.00,16938,0
101.20,0.00,16938,0
101.20,0.00,15252,0
101.23,0.00,13919,0
101.23,0.00,13919,0
101.23,0.00,12874,0
101.23,0.00,12095,0
101.24,0.00,12095,0
101.24,0.00,11362,0
101.24,0.00,10673,0
101.26,0.00,10026,0
101.26,0.00,9114,0
101.26,0.00,8285,0
101.26,0.00,8285,0
101.26,0.00,7531,0
101.26,0.00,6846,0
101.26,0.00,6846,0
101.26,0.00,16191,0
101.26,0.00,16191,0
101.26,0.00,19270,0
101.26,0.00,22338,0
101.26,0.00,22338,0
101.28,0.00,23220,0
101.28,0.00,22712,0
101.28,0.00,22712,0
101.28,0.00,20580,0
101.29,0.00,19250,0
101.29,0.00,19250,0
101.29,0.00,15315,0
101.29,0.00,17278,0
101.31,0.00,17278,0
101.31,0.00,22404,0
101.31,0.00,25212,0
101.32,0.00,23202,0
101.32,0.00,21728,0
101.32,0.00,21728,0
101.32,0.00,18716,0
101.34,0.00,18716,0
101.34,0.00,16726,0
101.34,0.00,14781,0
101.34,0.00,14781,0
101.35,0.00,14826,0
101.35,0.00,13901,0
101.35,0.00,13901,0
101.35,0.00,13122,0
101.35,0.00,12313,0
101.35,0.00,12313,0
101.35,0.00,11543,0
101.35,0.00,10933,0
101.36,0.00,10933,0
101.36,0.00,10079,0
101.36,0.00,9162,0
101.36,0.00,9162,0
101.36,0.00,8329,0
101.36,0.00,7571,0
101.36,0.00,7571,0
101.36,0.00,6882,0
101.36,0.00,6256,0
101.36,0.00,5687,0
101.36,0.00,5170,0
101.36,0.00,5170,0
101.36,0.00,4700,0
101.36,0.00,4272,0
101.36,0.00,4272,0
101.35,0.00,3883,0
101.35,0.00,3529,0
101.35,0.00,3529,0
101.35,0.00,3208,0
101.35,0.00,2916,0
101.35,0.00,2916,0
101.35,0.00,2650,0
101.35,0.00,2409,0
101.35,0.00,2409,0
101.35,0.00,2190,0
101.35,0.00,1990,0
101.35,0.00,1990,0
101.34,0.00,1809,0
101.34,0.00,1809,0
101.34,0.00,1644,0
101.34,0.00,1494,0
101.34,0.00,1494,0
101.34,0.00,1358,0
101.34,0.00,1234,0
101.33,0.00,1121,0
101.33,0.00,1019,0
101.33,0.00,1019,0
101.33,0.00,926,0
101.33,0.00,841,0
101.33,0.00,841,0
101.33,0.00,764,0
101.33,0.00,694,0
101.33,0.00,694,0
101.33,0.00,630,0
101.33,0.00,630,0
101.33,0.00,572,0
101.32,0.00,520,0
101.32,0.00,520,0
101.32,0.00,472,0
101.32,0.00,429,0
101.32,0.00,429,0
101.32,0.00,389,0
101.32,0.00,353,0
101.32,0.00,353,0
101.32,0.00,320,0
101.32,0.00,290,0
101.32,0.00,290,0
101.32,0.00,263,0
101.32,0.00,239,0
101.32,0.00,239,0
101.32,0.00,217,0
101.32,0.00,197,0
101.32,0.00,179,0
101.32,0.00,162,0
101.32,0.00,162,0
101.31,0.00,147,0
101.31,0.00,133,0
101.31,0.00,133,0
101.31,0.00,120,0
101.31,0.00,120,0
101.31,0.00,109,0
101.31,0.00,99,0
101.31,0.00,99,0
101.31,0.00,89,0
101.31,0.00,80,0
101.31,0.00,80,0
101.31,0.00,72,0
101.30,0.00,65,0
101.30,0.00,65,0
101.30,0.00,59,0
101.30,0.00,53,0
101.31,0.00,53,0
101.31,0.00,48,0
101.31,0.00,43,0
101.31,0.00,43,0
101.30,0.00,39,0
101.30,0.00,35,0
101.30,0.00,35,0
101.30,0.00,31,0
101.30,0.00,28,0
101.30,0.00,25,0
101.30,0.00,22,0
101.30,0.00,20,0
101.30,0.00,18,0
101.30,0.00,16,0
101.30,0.00,14,0
101.30,0.00,12,0
101.30,0.00,10,0
101.30,0.00,9,0
101.30,0.00,8,0
101.30,0.00,7,0
101.30,0.00,7,0
101.30,0.00,6,0
101.30,0.00,5,0
101.30,0.00,5,0
101.30,0.00,4,0
101.30,0.00,3,0
101.29,0.00,3,0
101.29,0.00,2,0
101.29,0.00,1,0
101.29,0.00,1,0
101.30,0.00,0,0
101.30,0.00,0,0
101.30,0.00,0,0
101.30,0.00,0,0
101.29,0.00,0,0
101.29,0.00,0,0
101.29,0.00,0,0
101.29,0.00,0,0
101.29,0.00,0,0
101.29,0.00,0,0
101.29,0.00,0,0
101.29,0.00,0,0
101.29,0.00,0,0
101.29,0.00,0,0
101.29,0.00,0,0
101.29,0.00,0,0
101.29,0.00,0,0
101.29,0.00,0,0
101.29,0.00,0,0
101.29,0.00,0,0
101.29,0.00,0,0
101.29,0.00,0,0
101.29,0.00,0,0
101.29,0.00,0,0
101.29,0.00,0,0
101.29,0.00,0,0
101.29,0.00,0,0
101.29,0.00,0,0
101.29,0.00,0,0
101.29,0.00,0,0
101.29,0.00,0,0
101.28,0.00,0,0
101.28,0.00,0,0
101.28,0.00,0,0
101.28,0.00,0,0
101.28,0.00,0,0
101.28,0.00,0,0
101.28,0.00,0,0
101.28,0.00,0,0
101.28,0.00,0,0
101.28,0.00,0,0
101.28,0.00,0,0
101.28,0.00,0,0
101.28,0.00,0,0
101.28,0.00,0,0
101.28,0.00,0,0
101.27,0.00,0,0
101.27,0.00,0,0
101.27,0.00,0,0
101.27,0.00,0,0
101.27,0.00,0,0
101.27,0.00,0,0
101.27,0.00,0,0
101.27,0.00,0,0
101.26,0.00,0,0
101.26,0.00,0,0
101.26,0.00,0,0
101.26,0.00,0,0
101.26,0.00,0,0
101.26,0.00,0,0
101.26,0.00,0,0
101.26,0.00,0,0
101.27,0.00,0,0
101.27,0.00,0,0
101.27,0.00,0,0
101.27,0.00,0,0
101.27,0.00,0,0
101.27,0.00,0,0
101.27,0.00,0,0
101.26,0.00,0,0
101.26,0.00,0,0
101.26,0.00,0,0
101.26,0.00,0,0
101.27,0.00,0,0
101.27,0.00,0,0
101.27,0.00,0,0
101.27,0.00,0,0
101.26,0.00,0,0
101.26,0.00,0,0
101.26,0.00,0,0
101.26,0.00,0,0
101.27,0.00,0,0
101.27,0.00,0,0
101.27,0.00,0,0
101.27,0.00,0,0
101.27,0.00,0,0
101.27,0.00,0,0
101.27,0.00,0,0
101.27,0.00,0,0
101.27,0.00,0,0
101.27,0.00,0,0
101.27,0.00,0,0
101.27,0.00,0,0
101.26,0.00,10379,0
101.26,0.00,20156,0
101.26,0.00,20156,0
101.26,0.00,29442,0
101.27,0.00,28392,0
101.27,0.00,23746,0
101.27,0.00,21880,0
101.29,0.00,25844,0
101.29,0.00,25844,0
101.29,0.00,18628,0
101.29,0.00,18628,0
101.32,0.00,16648,0
101.32,0.00,24782,0
101.32,0.00,24782,0
101.32,0.00,25492,0
101.33,0.00,24032,0
101.33,0.00,24032,0
101.33,0.00,17122,0
101.33,0.00,15648,0
101.35,0.00,15648,0
101.35,0.00,14911,0
101.35,0.00,13966,0
101.35,0.00,13966,0
101.36,0.00,13119,0
101.36,0.00,12325,0
101.36,0.00,12325,0
101.36,0.00,11577,0
101.36,0.00,11577,0
101.36,0.00,10875,0
101.36,0.00,10217,0
101.36,0.00,9288,0
101.36,0.00,8443,0
101.36,0.00,7675,0
101.36,0.00,7675,0
101.37,0.00,6977,0
101.37,0.00,6977,0
101.37,0.00,6342,0
101.37,0.00,5765,0
101.36,0.00,5765,0
101.36,0.00,5240,0
101.36,0.00,4763,0
101.36,0.00,4763,0
101.36,0.00,4330,0
101.36,0.00,3936,0
101.36,0.00,3936,0
101.36,0.00,3578,0
101.36,0.00,3578,0
101.36,0.00,3252,0
101.36,0.00,2956,0
101.36,0.00,2956,0
101.36,0.00,2687,0
101.36,0.00,2442,0
101.36,0.00,2442,0
101.36,0.00,2220,0
101.36,0.00,2018,0
101.36,0.00,1834,0
101.36,0.00,1667,0
101.35,0.00,1667,0
101.35,0.00,10454,0
101.35,0.00,21686,0
101.35,0.00,21686,0
101.36,0.00,27686,0
101.36,0.00,15519,0
101.36,0.00,15519,0
101.36,0.00,17534,0
101.36,0.00,16176,0
101.36,0.00,16176,0
101.36,0.00,14157,0
101.36,0.00,12869,0
101.37,0.00,12869,0
101.37,0.00,12476,0
101.37,0.00,13440,0
101.37,0.00,13440,0
101.39,0.00,19576,0
101.39,0.00,24884,0
101.39,0.00,24884,0
101.39,0.00,20682,0
101.40,0.00,20682,0
101.40,0.00,13497,0
101.40,0.00,13377,0
101.41,0.00,12567,0
101.41,0.00,11805,0
101.41,0.00,11090,0
101.41,0.00,11090,0
101.41,0.00,10417,0
101.41,0.00,10417,0
101.41,0.00,9470,0
101.41,0.00,8609,0
101.41,0.00,8609,0
101.41,0.00,7826,0
101.41,0.00,7114,0
101.41,0.00,7114,0
101.41,0.00,19492,0
101.41,0.00,31952,0
101.41,0.00,31952,0
101.41,0.00,18590,0
101.42,0.00,16930,0
101.42,0.00,16930,0
101.42,0.00,15390,0
101.42,0.00,13990,0
101.43,0.00,13990,0
101.43,0.00,12718,0
101.43,0.00,10008,0
101.44,0.00,23250,0
101.44,0.00,32482,0
101.44,0.00,21844,0
101.44,0.00,19858,0
101.44,0.00,18280,0
101.44,0.00,17196,0
101.44,0.00,16155,0
101.42,0.00,15176,0
101.42,0.00,14256,0
101.42,0.00,13393,0
101.42,0.00,12582,0
101.41,0.00,12582,0
101.41,0.00,11819,0
101.41,0.00,11102,0
101.41,0.00,11102,0
101.39,0.00,10428,0
101.39,0.00,9480,0
101.39,0.00,9480,0
101.39,0.00,8618,0
101.36,0.00,7834,0
101.36,0.00,7834,0
101.36,0.00,7121,0
101.36,0.00,6473,0
101.34,0.00,6473,0
101.34,0.00,5884,0
101.34,0.00,5349,0
101.31,0.00,4862,0
101.31,0.00,4420,0
101.31,0.00,4018,0
101.31,0.00,4018,0
101.28,0.00,3652,0
101.28,0.00,3652,0
101.28,0.00,3319,0
101.28,0.00,3017,0
101.25,0.00,3017,0
101.25,0.00,2742,0
101.25,0.00,2492,0
101.25,0.00,2492,0
101.22,0.00,2265,0
101.22,0.00,2059,0
101.22,0.00,2059,0
101.22,0.00,1871,0
101.18,0.00,1700,0
101.18,0.00,1700,0
101.18,0.00,1545,0
101.18,0.00,1404,0
101.14,0.00,1404,0
101.14,0.00,1276,0
101.14,0.00,1160,0
101.14,0.00,1160,0
101.10,0.00,1054,0
101.10,0.00,958,0
101.10,0.00,870,0
101.05,0.00,790,0
101.05,0.00,718,0
101.05,0.00,718,0
101.05,0.00,652,0
101.01,0.00,652,0
101.01,0.00,592,0
101.01,0.00,538,0
101.01,0.00,538,0
100.98,0.00,489,0
100.98,0.00,444,0
100.98,0.00,444,0
100.98,0.00,403,0
100.95,0.00,366,0
100.95,0.00,366,0
100.95,0.00,332,0
100.95,0.00,301,0
100.92,0.00,301,0
100.92,0.00,273,0
100.92,0.00,10482,0
100.92,0.00,10482,0
100.90,0.00,9529,0
100.90,0.00,8662,0
100.90,0.00,8662,0
100.90,0.00,7874,0
100.88,0.00,7158,0
100.88,0.00,6507,0
100.88,0.00,5915,0
100.85,0.00,5377,0
100.85,0.00,5377,0
100.85,0.00,4888,0
100.85,0.00,4888,0
100.83,0.00,4443,0
100.83,0.00,4039,0
100.83,0.00,4039,0
100.83,0.00,3671,0
100.81,0.00,3337,0
100.81,0.00,3337,0
100.81,0.00,3033,0
100.81,0.00,2757,0
100.80,0.00,2757,0
100.80,0.00,24712,0
100.80,0.00,32766,0
100.80,0.00,32766,0
100.81,0.00,32766,0
100.81,0.00,32766,0
100.81,0.00,32766,0
100.81,0.00,32766,0
100.82,0.00,32766,0
100.82,0.00,32766,0
100.82,0.00,32766,0
100.84,0.00,32766,0
100.84,0.00,32766,0
100.84,0.00,32766,0
100.84,0.00,32758,0
100.86,0.00,29348,0
100.86,0.00,29348,0
100.86,0.00,22568,0
100.86,0.00,19096,0
100.88,0.00,19096,0
100.88,0.00,16590,0
100.88,0.00,30432,0
100.88,0.00,30432,0
100.89,0.00,31352,0
100.89,0.00,30780,0
100.89,0.00,30780,0
100.89,0.00,30538,0
100.90,0.00,30538,0
100.90,0.00,30358,0
100.90,0.00,31470,0
100.90,0.00,31470,0
100.96,0.00,31248,0
100.96,0.00,31682,0
100.96,0.00,31682,0
101.02,0.00,30868,0
101.02,0.00,30540,0
101.02,0.00,30688,0
101.02,0.00,30080,0
101.10,0.00,30080,0
101.10,0.00,31440,0
101.10,0.00,29180,0
101.10,0.00,29180,0
101.17,0.00,29098,0
101.17,0.00,26760,0
101.17,0.00,26760,0
101.17,0.00,25954,0
101.22,0.00,25954,0
101.22,0.00,24600,0
101.22,0.00,23242,0
101.22,0.00,21074,0
101.26,0.00,21074,0
101.26,0.00,19312,0
101.26,0.00,19312,0
101.26,0.00,20046,0
101.30,0.00,19680,0
101.30,0.00,18488,0
101.30,0.00,18488,0
101.30,0.00,17368,0
101.32,0.00,17368,0
101.32,0.00,16315,0
101.32,0.00,15327,0
101.33,0.00,14399,0
101.33,0.00,13526,0
101.33,0.00,12707,0
101.33,0.00,12707,0
101.34,0.00,14168,0
101.34,0.00,14168,0
101.34,0.00,22734,0
101.34,0.00,24740,0
101.35,0.00,24740,0
101.35,0.00,22762,0
101.35,0.00,29286,0
101.35,0.00,29286,0
101.38,0.00,24742,0
101.38,0.00,19394,0
101.38,0.00,19394,0
101.38,0.00,16386,0
101.40,0.00,16386,0
101.40,0.00,15975,0
101.40,0.00,13114,0
101.40,0.00,13535,0
101.41,0.00,13535,0
101.41,0.00,20910,0
101.41,0.00,32542,0
101.43,0.00,17914,0
101.43,0.00,20148,0
101.43,0.00,20148,0
101.43,0.00,18928,0
101.44,0.00,17784,0
101.44,0.00,17784,0
101.44,0.00,16702,0
101.44,0.00,16702,0
101.44,0.00,15694,0
101.44,0.00,14740,0
101.44,0.00,14740,0
101.44,0.00,13849,0
101.44,0.00,13008,0
101.44,0.00,13008,0
101.44,0.00,12220,0
101.44,0.00,11480,0
101.44,0.00,11480,0
101.44,0.00,12887,0
101.44,0.00,18596,0
101.44,0.00,18596,0
101.44,0.00,32766,0
101.44,0.00,25630,0
101.44,0.00,25630,0
101.44,0.00,18462,0
101.45,0.00,16783,0
101.45,0.00,15257,0
101.46,0.00,11272,0
101.46,0.00,14349,0
101.46,0.00,13044,0
101.46,0.00,10716,0
101.48,0.00,21532,0
101.48,0.00,20316,0
101.48,0.00,18469,0
101.48,0.00,17704,0
101.47,0.00,16892,0
101.47,0.00,15871,0
101.47,0.00,15871,0
101.47,0.00,14907,0
101.46,0.00,14907,0
101.46,0.00,14003,0
101.46,0.00,13155,0
101.46,0.00,13155,0
101.44,0.00,12358,0
101.44,0.00,11609,0
101.44,0.00,11609,0
101.44,0.00,10905,0
101.42,0.00,10245,0
101.42,0.00,10245,0
101.42,0.00,9313,0
101.39,0.00,8466,0
101.39,0.00,7696,0
101.39,0.00,6996,0
101.39,0.00,6359,0
101.36,0.00,6359,0
101.36,0.00,5780,0
101.36,0.00,5254,0
101.36,0.00,5254,0
101.33,0.00,4776,0
101.33,0.00,4341,0
101.33,0.00,4341,0
101.33,0.00,3946,0
101.31,0.00,3946,0
101.31,0.00,3587,0
101.31,0.00,3260,0
101.31,0.00,3260,0
101.27,0.00,2963,0
101.27,0.00,2693,0
101.27,0.00,2693,0
101.27,0.00,2448,0
101.23,0.00,2225,0
101.23,0.00,2225,0
101.23,0.00,2022,0
101.23,0.00,1838,0
101.20,0.00,1670,0
101.20,0.00,1518,0
101.20,0.00,1380,0
101.16,0.00,1380,0
101.16,0.00,1254,0
101.16,0.00,1140,0
101.16,0.00,1140,0
101.12,0.00,1036,0
101.12,0.00,941,0
101.12,0.00,941,0
101.12,0.00,855,0
101.09,0.00,855,0
101.09,0.00,777,0
101.09,0.00,706,0
101.09,0.00,706,0
101.05,0.00,641,0
101.05,0.00,582,0
101.05,0.00,582,0
101.05,0.00,529,0
101.01,0.00,480,0
101.01,0.00,480,0
101.01,0.00,436,0
101.01,0.00,396,0
100.97,0.00,396,0
100.97,0.00,359,0
100.97,0.00,326,0
100.97,0.00,326,0
100.94,0.00,296,0
100.94,0.00,269,0
100.92,0.00,244,0
100.92,0.00,31870,0
100.92,0.00,32766,0
100.92,0.00,32766,0
100.92,0.00,32766,0
100.92,0.00,32766,0
100.92,0.00,32766,0
100.92,0.00,32766,0
100.93,0.00,32766,0
100.93,0.00,32766,0
100.93,0.00,32766,0
100.93,0.00,32766,0
100.94,0.00,32766,0
100.94,0.00,32766,0
100.94,0.00,32766,0
100.94,0.00,32766,0
100.95,0.00,31590,0
100.95,0.00,31590,0
100.95,0.00,30266,0
100.95,0.00,29356,0
100.96,0.00,29356,0
100.96,0.00,28882,0
100.96,0.00,29636,0
100.97,0.00,30732,0
100.97,0.00,28836,0
100.97,0.00,30632,0
100.97,0.00,30632,0
101.04,0.00,29806,0
101.04,0.00,29806,0
101.04,0.00,29788,0
101.04,0.00,30436,0
101.11,0.00,30436,0
101.11,0.00,30134,0
101.11,0.00,30234,0
101.11,0.00,30234,0
101.18,0.00,28700,0
101.18,0.00,28830,0
101.18,0.00,28830,0
101.18,0.00,31568,0
101.24,0.00,28764,0
101.24,0.00,28764,0
101.24,0.00,28644,0
101.24,0.00,31568,0
101.30,0.00,31568,0
101.30,0.00,29312,0
101.30,0.00,31570,0
101.30,0.00,31570,0
101.34,0.00,27450,0
101.34,0.00,32766,0
101.34,0.00,31828,0
101.37,0.00,29900,0
101.37,0.00,28086,0
101.37,0.00,28086,0
101.37,0.00,26388,0
101.39,0.00,26388,0
101.39,0.00,24788,0
101.39,0.00,23284,0
101.39,0.00,23284,0
101.39,0.00,21874,0
101.39,0.00,20548,0
101.39,0.00,20548,0
101.39,0.00,19304,0
101.39,0.00,18296,0
101.39,0.00,18296,0
101.39,0.00,23590,0
101.39,0.00,30594,0
101.40,0.00,30594,0
101.40,0.00,31826,0
101.40,0.00,20686,0
101.40,0.00,20686,0
101.42,0.00,13229,0
101.42,0.00,13646,0
101.42,0.00,12729,0
101.45,0.00,12505,0
101.45,0.00,12505,0
101.45,0.00,16151,0
101.45,0.00,14682,0
101.46,0.00,14682,0
101.46,0.00,11674,0
101.46,0.00,11674,0
101.46,0.00,10612,0
101.47,0.00,10044,0
101.47,0.00,10044,0
101.47,0.00,23152,0
101.47,0.00,24028,0
101.47,0.00,24028,0
101.47,0.00,22574,0
101.47,0.00,21204,0
101.47,0.00,21204,0
101.46,0.00,19922,0
101.46,0.00,18710,0
101.46,0.00,18710,0
101.46,0.00,17578,0
101.43,0.00,16510,0
101.43,0.00,16510,0
101.43,0.00,15510,0
101.42,0.00,14570,0
101.42,0.00,13688,0
101.42,0.00,12861,0
101.42,0.00,12861,0
101.39,0.00,12078,0
101.39,0.00,11348,0
101.39,0.00,11348,0
101.39,0.00,10659,0
101.36,0.00,10659,0
101.36,0.00,10013,0
101.36,0.00,9102,0
101.36,0.00,9102,0
101.33,0.00,8274,0
101.33,0.00,7521,0
101.33,0.00,7521,0
101.33,0.00,6837,0
101.30,0.00,6215,0
101.30,0.00,6215,0
101.30,0.00,5649,0
101.30,0.00,5135,0
101.27,0.00,5135,0
101.27,0.00,4668,0
101.27,0.00,4243,0
101.27,0.00,4243,0
101.23,0.00,3857,0
101.20,0.00,3506,0
101.16,0.00,3187,0
101.16,0.00,2897,0
101.16,0.00,2633,0
101.16,0.00,2393,0
101.13,0.00,2175,0
101.13,0.00,1977,0
101.13,0.00,1797,0
101.13,0.00,1633,0
101.09,0.00,1484,0
101.09,0.00,1349,0
101.09,0.00,1226,0
101.09,0.00,1226,0
101.06,0.00,1114,0
101.06,0.00,1012,0
101.06,0.00,1012,0
101.06,0.00,919,0
101.03,0.00,835,0
101.03,0.00,835,0
101.03,0.00,759,0
101.03,0.00,690,0
101.01,0.00,690,0
101.01,0.00,627,0
101.01,0.00,16021,0
101.01,0.00,16021,0
101.00,0.00,32766,0
101.00,0.00,32766,0
101.00,0.00,32766,0
101.00,0.00,32766,0
101.00,0.00,32766,0
101.00,0.00,32766,0
101.00,0.00,32766,0
101.01,0.00,32766,0
101.01,0.00,32766,0
101.01,0.00,32766,0
101.01,0.00,32766,0
101.02,0.00,32766,0
101.02,0.00,31196,0
101.02,0.00,31196,0
101.02,0.00,27100,0
101.03,0.00,23356,0
101.03,0.00,23356,0
101.03,0.00,25758,0
101.03,0.00,31096,0
101.04,0.00,31096,0
101.04,0.00,30052,0
101.04,0.00,29468,0
101.04,0.00,29468,0
101.05,0.00,29428,0
101.05,0.00,30588,0
101.05,0.00,31610,0
101.08,0.00,31944,0
101.08,0.00,31944,0
101.08,0.00,30310,0
101.08,0.00,30612,0
101.14,0.00,30612,0
101.14,0.00,28434,0
101.14,0.00,28434,0
101.14,0.00,29340,0
101.21,0.00,28792,0
101.21,0.00,28792,0
101.21,0.00,30340,0
101.21,0.00,29900,0
101.26,0.00,29900,0
101.26,0.00,28564,0
101.26,0.00,24288,0
101.26,0.00,24288,0
101.32,0.00,28856,0
101.32,0.00,32740,0
101.32,0.00,32740,0
101.32,0.00,28638,0
101.36,0.00,28638,0
101.36,0.00,31324,0
101.36,0.00,29422,0
101.38,0.00,27644,0
101.38,0.00,25968,0
101.38,0.00,24392,0
101.38,0.00,24392,0
101.39,0.00,22916,0
101.39,0.00,22916,0
101.39,0.00,21526,0
101.39,0.00,20222,0
101.39,0.00,20222,0
101.39,0.00,18976,0
101.39,0.00,18392,0
101.39,0.00,18392,0
101.40,0.00,21618,0
101.40,0.00,21290,0
101.40,0.00,21290,0
101.40,0.00,29610,0
101.42,0.00,25716,0
101.42,0.00,25716,0
101.42,0.00,32258,0
101.42,0.00,22780,0
101.45,0.00,22780,0
101.45,0.00,25102,0
101.45,0.00,26946,0
101.45,0.00,26946,0
101.48,0.00,22300,0
101.48,0.00,31552,0
101.48,0.00,31566,0
101.50,0.00,24158,0
101.50,0.00,24158,0
101.50,0.00,28702,0
101.50,0.00,26964,0
101.51,0.00,26964,0
101.51,0.00,25330,0
101.51,0.00,25330,0
101.51,0.00,23796,0
101.51,0.00,22352,0
101.51,0.00,22352,0
101.51,0.00,21000,0
101.51,0.00,19724,0
101.50,0.00,19724,0
101.50,0.00,18530,0
101.50,0.00,17404,0
101.50,0.00,17404,0
101.50,0.00,19764,0
101.50,0.00,16010,0
101.50,0.00,16010,0
101.50,0.00,25526,0
101.51,0.00,19560,0
101.51,0.00,19560,0
101.51,0.00,27446,0
101.52,0.00,23678,0
101.52,0.00,22092,0
101.52,0.00,25530,0
101.52,0.00,25530,0
101.53,0.00,18494,0
101.53,0.00,13824,0
101.53,0.00,13824,0
101.53,0.00,12567,0
101.55,0.00,12567,0
101.55,0.00,20652,0
101.55,0.00,23618,0
101.55,0.00,23618,0
101.55,0.00,22186,0
101.55,0.00,20840,0
101.55,0.00,20840,0
101.55,0.00,19580,0
101.54,0.00,18392,0
101.54,0.00,18392,0
101.54,0.00,17278,0
101.54,0.00,16231,0
101.53,0.00,16231,0
101.53,0.00,15248,0
101.53,0.00,14324,0
101.52,0.00,13456,0
101.52,0.00,12639,0
101.52,0.00,12639,0
101.52,0.00,11875,0
101.51,0.00,11153,0
101.51,0.00,11153,0
101.51,0.00,10478,0
101.51,0.00,9525,0
101.49,0.00,9525,0
101.49,0.00,8659,0
101.49,0.00,7871,0
101.49,0.00,7871,0
101.47,0.00,7155,0
101.47,0.00,6504,0
101.47,0.00,6504,0
101.47,0.00,5912,0
101.45,0.00,5912,0
101.45,0.00,5374,0
101.45,0.00,4885,0
101.45,0.00,4885,0
101.42,0.00,4440,0
101.42,0.00,4036,0
101.42,0.00,4036,0
101.42,0.00,3669,0
101.39,0.00,3335,0
101.39,0.00,3335,0
101.39,0.00,3031,0
101.36,0.00,2755,0
101.36,0.00,2504,0
101.36,0.00,2276,0
101.36,0.00,2276,0
101.34,0.00,2069,0
101.34,0.00,1880,0
101.34,0.00,1880,0
101.34,0.00,1709,0
101.32,0.00,1553,0
101.32,0.00,1553,0
101.32,0.00,1411,0
101.32,0.00,1282,0
101.30,0.00,1282,0
101.30,0.00,1165,0
101.30,0.00,1059,0
101.30,0.00,1059,0
101.27,0.00,962,0
101.27,0.00,874,0
101.27,0.00,874,0
101.27,0.00,794,0
101.24,0.00,794,0
101.24,0.00,721,0
101.24,0.00,655,0
101.24,0.00,655,0
101.22,0.00,595,0
101.19,0.00,540,0
101.17,0.00,490,0
101.17,0.00,445,0
101.17,0.00,404,0
101.17,0.00,367,0
101.15,0.00,333,0
101.15,0.00,302,0
101.15,0.00,274,0
101.15,0.00,249,0
101.12,0.00,226,0
101.12,0.00,205,0
101.12,0.00,186,0
101.12,0.00,186,0
101.12,0.00,25930,0
101.12,0.00,32766,0
101.12,0.00,32766,0
101.12,0.00,32766,0
101.12,0.00,32766,0
101.12,0.00,32766,0
101.12,0.00,32766,0
101.12,0.00,32766,0
101.13,0.00,32766,0
101.13,0.00,32766,0
101.13,0.00,32766,0
101.13,0.00,32766,0
101.13,0.00,31808,0
101.13,0.00,27550,0
101.13,0.00,23238,0
101.14,0.00,20382,0
101.14,0.00,16544,0
101.14,0.00,16544,0
101.14,0.00,12360,0
101.15,0.00,11236,0
101.15,0.00,11236,0
101.15,0.00,10214,0
101.15,0.00,9285,0
101.16,0.00,9285,0
101.16,0.00,8440,0
101.16,0.00,7672,0
101.16,0.00,7672,0
101.17,0.00,6974,0
101.17,0.00,6339,0
101.17,0.00,6339,0
101.17,0.00,11362,0
101.18,0.00,13515,0
101.18,0.00,13515,0
101.18,0.00,14699,0
101.18,0.00,14699,0
101.19,0.00,16554,0
101.19,0.00,17954,0
101.19,0.00,19598,0
101.19,0.00,20776,0
101.19,0.00,21684,0
101.19,0.00,21684,0
101.19,0.00,20906,0
101.20,0.00,20906,0
101.20,0.00,19652,0
101.20,0.00,18464,0
101.20,0.00,18464,0
101.21,0.00,17342,0
101.21,0.00,16292,0
101.21,0.00,16292,0
101.21,0.00,15306,0
101.21,0.00,15306,0
101.21,0.00,14377,0
101.21,0.00,13507,0
101.21,0.00,13507,0
101.22,0.00,12687,0
101.22,0.00,11746,0
101.22,0.00,11746,0
101.22,0.00,11297,0
101.22,0.00,12004,0
101.22,0.00,12004,0
101.22,0.00,21806,0
101.22,0.00,23512,0
101.24,0.00,24568,0
101.24,0.00,28064,0
101.24,0.00,27402,0
101.27,0.00,27402,0
101.27,0.00,29008,0
101.27,0.00,27906,0
101.27,0.00,27906,0
101.31,0.00,27522,0
101.31,0.00,27482,0
101.31,0.00,27482,0
101.31,0.00,30908,0
101.35,0.00,30908,0
101.35,0.00,25740,0
101.35,0.00,30890,0
101.35,0.00,30890,0
101.39,0.00,15410,0
101.39,0.00,27018,0
101.39,0.00,27018,0
101.39,0.00,25836,0
101.41,0.00,24270,0
101.41,0.00,24270,0
101.41,0.00,22800,0
101.41,0.00,21416,0
101.41,0.00,21416,0
101.41,0.00,20120,0
101.41,0.00,18900,0
101.42,0.00,17756,0
101.42,0.00,16678,0
101.42,0.00,16678,0
101.42,0.00,15670,0
101.42,0.00,14718,0
101.42,0.00,14718,0
101.42,0.00,13826,0
101.42,0.00,13826,0
101.42,0.00,12934,0
101.42,0.00,12348,0
101.42,0.00,12348,0
101.42,0.00,19188,0
101.43,0.00,20746,0
101.43,0.00,20746,0
101.43,0.00,25532,0
101.43,0.00,27660,0
101.46,0.00,27660,0
101.46,0.00,27546,0
101.46,0.00,30666,0
101.46,0.00,30666,0
101.48,0.00,25856,0
101.48,0.00,23050,0
101.48,0.00,24068,0
101.50,0.00,13776,0
101.50,0.00,13776,0
101.50,0.00,13048,0
101.50,0.00,11009,0
101.53,0.00,11009,0
101.53,0.00,21342,0
101.53,0.00,21342,0
101.53,0.00,21274,0
101.54,0.00,19984,0
101.54,0.00,19984,0
101.54,0.00,18774,0
101.54,0.00,17638,0
101.54,0.00,17638,0
101.54,0.00,16566,0
101.54,0.00,15565,0
101.54,0.00,15565,0
101.54,0.00,14621,0
101.54,0.00,13734,0
101.54,0.00,13734,0
101.54,0.00,12900,0
101.54,0.00,12120,0
101.54,0.00,12120,0
101.54,0.00,11385,0
101.54,0.00,10694,0
101.53,0.00,10047,0
101.53,0.00,9133,0
101.53,0.00,8302,0
101.52,0.00,8302,0
101.52,0.00,7547,0
101.52,0.00,7547,0
101.52,0.00,6860,0
101.51,0.00,6236,0
101.51,0.00,6236,0
101.51,0.00,5669,0
101.51,0.00,5153,0
101.51,0.00,5153,0
101.51,0.00,4684,0
101.51,0.00,4258,0
101.51,0.00,4258,0
101.50,0.00,3870,0
101.50,0.00,3518,0
101.50,0.00,3518,0
101.50,0.00,3198,0
101.50,0.00,2907,0
101.50,0.00,2907,0
101.50,0.00,2642,0
101.50,0.00,2642,0
101.49,0.00,2401,0
101.49,0.00,2182,0
101.49,0.00,1983,0
101.48,0.00,1802,0
101.48,0.00,1638,0
101.48,0.00,1638,0
101.48,0.00,1489,0
101.48,0.00,1489,0
101.48,0.00,1353,0
101.48,0.00,1230,0
101.48,0.00,1230,0
101.47,0.00,1118,0
101.47,0.00,1016,0
101.47,0.00,1016,0
101.47,0.00,923,0
101.46,0.00,923,0
101.46,0.00,839,0
101.46,0.00,762,0
101.46,0.00,762,0
101.46,0.00,692,0
101.46,0.00,629,0
101.46,0.00,629,0
101.46,0.00,571,0
101.46,0.00,519,0
101.46,0.00,519,0
101.46,0.00,471,0
101.46,0.00,428,0
101.46,0.00,428,0
101.46,0.00,389,0
101.45,0.00,353,0
101.45,0.00,320,0
101.45,0.00,290,0
101.45,0.00,263,0
101.44,0.00,239,0
101.44,0.00,217,0
101.44,0.00,197,0
101.44,0.00,179,0
101.44,0.00,162,0
101.44,0.00,147,0
101.44,0.00,133,0
101.44,0.00,120,0
101.44,0.00,109,0
101.44,0.00,109,0
101.44,0.00,99,0
101.44,0.00,89,0
101.43,0.00,89,0
101.43,0.00,80,0
101.43,0.00,72,0
101.43,0.00,72,0
101.43,0.00,65,0
101.43,0.00,59,0
101.43,0.00,59,0
101.43,0.00,53,0
101.43,0.00,53,0
101.43,0.00,48,0
101.43,0.00,43,0
101.43,0.00,39,0
101.43,0.00,35,0
101.43,0.00,31,0
101.43,0.00,31,0
101.42,0.00,28,0
101.42,0.00,25,0
101.42,0.00,25,0
101.42,0.00,22,0
101.42,0.00,22,0
101.42,0.00,20,0
101.42,0.00,18,0
101.42,0.00,18,0
101.42,0.00,16,0
101.42,0.00,14,0
101.42,0.00,14,0
101.42,0.00,12,0
101.41,0.00,10,0
101.41,0.00,10,0
101.41,0.00,9,0
101.41,0.00,8,0
101.40,0.00,8,0
101.40,0.00,7,0
101.40,0.00,6,0
101.40,0.00,6,0
101.38,0.00,5,0
101.38,0.00,4,0
101.38,0.00,4,0
101.38,0.00,3,0
101.36,0.00,3,0
101.36,0.00,2,0
101.36,0.00,1,0
101.34,0.00,0,0
101.34,0.00,0,0
101.34,0.00,0,0
101.34,0.00,0,0
101.32,0.00,0,0
101.32,0.00,0,0
101.32,0.00,0,0
101.32,0.00,0,0
101.29,0.00,0,0
101.29,0.00,0,0
101.29,0.00,0,0
